1 3
2 3
3 4
4 3
5 2
6 3
7 3
8 3
9 3
10 2
11 3
12 3
13 4
14 2
15 3
16 1
17 3
18 1
19 3
20 3
21 4
22 4
23 3
24 2
25 2
26 2
27 3
28 2
29 2
30 3
31 1
32 3
33 2
34 1
35 1
36 4
37 2
38 2
39 1
40 3
41 1
42 1
43 2
44 3
45 2
46 4
47 4
48 3
49 1
50 1
51 4
52 4
53 3
54 1
55 4
56 1
57 3
58 4
59 3
60 1
61 4
62 4
63 4
64 2
65 4
66 1
67 4
68 3
69 3
70 3
71 1
72 3
73 3
74 3
75 3
76 3
77 3
78 3
79 1
80 3
81 3
82 2
83 3
84 3
85 1
86 3
87 4
88 3
89 1
90 3
91 3
92 3
93 1
94 3
95 3
96 4
97 4
98 2
99 2
100 1
101 4
102 1
103 3
104 3
105 3
106 1
107 3
108 4
109 4
110 2
111 1
112 2
113 4
114 1
115 2
116 4
117 3
118 2
119 1
120 1
121 1
122 3
123 4
124 2
125 1
126 1
127 2
128 4
129 3
130 3
131 1
132 4
133 3
134 1
135 1
136 2
137 2
138 4
139 4
140 2
141 1
142 2
143 4
144 1
145 2
146 1
147 1
148 4
149 2
150 4
151 2
152 1
153 4
154 2
155 2
156 1
157 2
158 1
159 4
160 3
161 1
162 4
163 2
164 2
165 4
166 3
167 2
168 3
169 2
170 2
171 2
172 3
173 2
174 1
175 2
176 2
177 2
178 4
179 1
180 4
181 2
182 2
183 1
184 3
185 1
186 4
187 3
188 1
189 1
190 4
191 3
192 1
193 1
194 1
195 2
196 2
197 4
198 4
199 1
200 4
201 3
202 1
203 3
204 1
205 4
206 1
207 4
208 1
209 1
210 3
211 3
212 4
213 1
214 1
215 1
216 1
217 1
218 1
219 4
220 1
221 1
222 1
223 3
224 1
225 1
226 1
227 2
228 2
229 1
230 1
231 3
232 3
233 2
234 1
235 1
236 2
237 2
238 1
239 1
240 1
241 2
242 4
243 1
244 1
245 1
246 3
247 3
248 3
249 3
250 2
251 1
252 1
253 1
254 2
255 1
256 4
257 2
258 3
259 2
260 3
261 2
262 4
263 3
264 3
265 3
266 2
267 3
268 3
269 3
270 3
271 3
272 3
273 3
274 3
275 3
276 3
277 1
278 1
279 3
280 3
281 3
282 3
283 3
284 3
285 3
286 2
287 3
288 3
289 3
290 3
291 3
292 3
293 3
294 3
295 1
296 3
297 3
298 3
299 3
300 3
301 3
302 3
303 4
304 3
305 3
306 3
307 3
308 3
309 3
310 2
311 3
312 3
313 3
314 3
315 3
316 3
317 4
318 2
319 3
320 3
321 4
322 3
323 3
324 3
325 3
326 3
327 3
328 3
329 3
330 2
331 3
332 3
333 3
334 3
335 3
336 2
337 3
338 3
339 3
340 3
341 3
342 1
343 3
344 3
345 3
346 3
347 3
348 3
349 3
350 3
351 3
352 3
353 3
354 3
355 3
356 3
357 3
358 3
359 3
360 3
361 1
362 3
363 1
364 3
365 3
366 3
367 3
368 3
369 3
370 3
371 3
372 3
373 3
374 3
375 3
376 3
377 3
378 3
379 3
380 3
381 3
382 3
383 3
384 3
385 3
386 3
387 3
388 3
389 3
390 3
391 3
392 3
393 3
394 2
395 3
396 3
397 3
398 3
399 3
400 3
401 3
402 3
403 3
404 3
405 3
406 3
407 3
408 3
409 3
410 3
411 3
412 1
413 3
414 3
415 4
416 3
417 3
418 3
419 3
420 3
421 3
422 3
423 3
424 3
425 3
426 3
427 3
428 2
429 4
430 3
431 3
432 3
433 4
434 3
435 3
436 3
437 3
438 3
439 3
440 3
441 3
442 3
443 3
444 3
445 3
446 3
447 3
448 3
449 3
450 3
451 3
452 4
453 3
454 3
455 3
456 3
457 4
458 3
459 4
460 3
461 3
462 3
463 3
464 1
465 4
466 3
467 2
468 3
469 3
470 2
471 3
472 4
473 3
474 3
475 3
476 3
477 3
478 3
479 4
480 3
481 1
482 3
483 2
484 3
485 3
486 3
487 3
488 4
489 3
490 3
491 3
492 3
493 3
494 3
495 3
496 4
497 3
498 3
499 3
500 3
501 4
502 2
503 2
504 3
505 3
506 3
507 3
508 3
509 3
510 3
511 3
512 3
513 3
514 3
515 3
516 2
517 3
518 3
519 3
520 3
521 3
522 3
523 3
524 3
525 3
526 2
527 3
528 4
529 2
530 3
531 3
532 3
533 3
534 3
535 4
536 3
537 3
538 3
539 3
540 3
541 3
542 3
543 3
544 4
545 3
546 3
547 3
548 1
549 3
550 3
551 2
552 3
553 3
554 3
555 3
556 2
557 3
558 3
559 3
560 3
561 3
562 3
563 3
564 3
565 3
566 3
567 3
568 3
569 3
570 3
571 3
572 3
573 3
574 3
575 3
576 3
577 3
578 3
579 1
580 1
581 4
582 3
583 3
584 4
585 3
586 3
587 3
588 3
589 3
590 3
591 4
592 3
593 3
594 3
595 3
596 3
597 3
598 3
599 3
600 3
601 3
602 3
603 2
604 3
605 3
606 3
607 3
608 3
609 3
610 3
611 3
612 3
613 4
614 4
615 3
616 3
617 3
618 2
619 3
620 3
621 3
622 4
623 3
624 2
625 3
626 3
627 3
628 3
629 4
630 2
631 3
632 3
633 2
634 3
635 3
636 3
637 3
638 3
639 3
640 4
641 4
642 3
643 2
644 3
645 3
646 3
647 3
648 2
649 3
650 3
651 3
652 3
653 3
654 3
655 3
656 3
657 3
658 3
659 3
660 3
661 3
662 3
663 3
664 3
665 4
666 4
667 3
668 3
669 4
670 3
671 3
672 3
673 3
674 3
675 3
676 3
677 3
678 3
679 3
680 3
681 3
682 4
683 4
684 3
685 4
686 3
687 2
688 2
689 3
690 3
691 3
692 3
693 1
694 3
695 4
696 3
697 3
698 3
699 3
700 3
701 3
702 3
703 3
704 2
705 2
706 1
707 3
708 2
709 1
710 3
711 3
712 2
713 3
714 3
715 3
716 1
717 2
718 3
719 3
720 3
721 3
722 3
723 3
724 1
725 3
726 3
727 3
728 1
729 3
730 3
731 3
732 2
733 3
734 3
735 3
736 3
737 3
738 3
739 2
740 3
741 3
742 3
743 3
744 3
745 3
746 3
747 3
748 4
749 3
750 1
751 1
752 3
753 3
754 3
755 3
756 2
757 1
758 1
759 3
760 3
761 3
762 3
763 3
764 3
765 3
766 3
767 3
768 3
769 2
770 4
771 3
772 3
773 3
774 3
775 2
776 3
777 4
778 3
779 3
780 3
781 3
782 3
783 3
784 3
785 3
786 3
787 4
788 3
789 3
790 3
791 3
792 3
793 1
794 3
795 4
796 3
797 3
798 3
799 3
800 2
801 3
802 3
803 3
804 3
805 4
806 4
807 3
808 3
809 4
810 3
811 3
812 3
813 3
814 3
815 3
816 3
817 3
818 3
819 3
820 3
821 3
822 3
823 3
824 3
825 3
826 4
827 3
828 3
829 3
830 3
831 2
832 3
833 3
834 3
835 3
836 4
837 3
838 3
839 3
840 3
841 3
842 3
843 3
844 3
845 3
846 3
847 3
848 3
849 3
850 3
851 3
852 3
853 4
854 3
855 3
856 1
857 3
858 4
859 4
860 3
861 3
862 3
863 3
864 3
865 3
866 3
867 3
868 3
869 3
870 3
871 4
872 3
873 3
874 3
875 3
876 3
877 2
878 2
879 3
880 4
881 2
882 3
883 4
884 3
885 4
886 3
887 3
888 3
889 3
890 4
891 3
892 3
893 3
894 3
895 3
896 2
897 3
898 3
899 3
900 3
901 3
902 3
903 3
904 3
905 3
906 3
907 3
908 3
909 1
910 3
911 3
912 3
913 3
914 3
915 3
916 3
917 4
918 3
919 3
920 3
921 3
922 3
923 3
924 3
925 3
926 3
927 3
928 3
929 3
930 3
931 3
932 3
933 3
934 3
935 2
936 3
937 2
938 3
939 3
940 3
941 3
942 3
943 3
944 3
945 3
946 4
947 3
948 3
949 3
950 3
951 4
952 2
953 3
954 3
955 2
956 3
957 3
958 3
959 1
960 2
961 3
962 3
963 3
964 3
965 3
966 3
967 4
968 3
969 3
970 3
971 1
972 3
973 3
974 3
975 2
976 2
977 3
978 1
979 3
980 3
981 3
982 3
983 3
984 3
985 2
986 3
987 3
988 3
989 3
990 3
991 2
992 3
993 1
994 3
995 3
996 3
997 3
998 3
999 3
1000 3
1001 1
1002 3
1003 3
1004 3
1005 3
1006 3
1007 2
1008 3
1009 3
1010 4
1011 4
1012 3
1013 3
1014 1
1015 4
1016 2
1017 3
1018 3
1019 3
1020 3
1021 3
1022 3
1023 3
1024 3
1025 3
1026 3
1027 3
1028 3
1029 3
1030 3
1031 3
1032 3
1033 3
1034 3
1035 3
1036 3
1037 3
1038 3
1039 3
1040 3
1041 3
1042 3
1043 2
1044 4
1045 4
1046 3
1047 4
1048 3
1049 3
1050 3
1051 3
1052 3
1053 4
1054 3
1055 1
1056 2
1057 3
1058 3
1059 3
1060 3
1061 3
1062 3
1063 3
1064 3
1065 3
1066 4
1067 3
1068 3
1069 4
1070 3
1071 4
1072 3
1073 3
1074 3
1075 3
1076 3
1077 2
1078 3
1079 3
1080 4
1081 3
1082 3
1083 3
1084 3
1085 4
1086 3
1087 3
1088 3
1089 3
1090 3
1091 4
1092 3
1093 3
1094 3
1095 3
1096 3
1097 3
1098 3
1099 3
1100 3
1101 3
1102 3
1103 3
1104 4
1105 3
1106 3
1107 3
1108 3
1109 3
1110 4
1111 3
1112 3
1113 3
1114 3
1115 3
1116 4
1117 3
1118 3
1119 2
1120 3
1121 4
1122 4
1123 4
1124 2
1125 4
1126 4
1127 3
1128 3
1129 4
1130 3
1131 3
1132 3
1133 3
1134 4
1135 3
1136 1
1137 3
1138 2
1139 3
1140 3
1141 3
1142 1
1143 1
1144 1
1145 1
1146 3
1147 1
1148 3
1149 1
1150 1
1151 1
1152 1
1153 3
1154 3
1155 3
1156 2
1157 2
1158 3
1159 2
1160 2
1161 3
1162 3
1163 3
1164 2
1165 4
1166 4
1167 3
1168 2
1169 4
1170 4
1171 1
1172 2
1173 3
1174 4
1175 3
1176 2
1177 4
1178 4
1179 3
1180 4
1181 2
1182 4
1183 4
1184 4
1185 4
1186 4
1187 4
1188 4
1189 4
1190 4
1191 3
1192 1
1193 1
1194 4
1195 4
1196 4
1197 4
1198 4
1199 4
1200 2
1201 4
1202 4
1203 4
1204 4
1205 3
1206 1
1207 4
1208 4
1209 4
1210 4
1211 4
1212 4
1213 4
1214 4
1215 4
1216 4
1217 4
1218 3
1219 4
1220 3
1221 3
1222 3
1223 3
1224 4
1225 4
1226 4
1227 4
1228 4
1229 3
1230 4
1231 4
1232 4
1233 4
1234 4
1235 4
1236 3
1237 2
1238 4
1239 4
1240 4
1241 4
1242 4
1243 3
1244 4
1245 4
1246 3
1247 3
1248 2
1249 4
1250 4
1251 4
1252 4
1253 4
1254 3
1255 2
1256 3
1257 4
1258 4
1259 4
1260 4
1261 4
1262 4
1263 1
1264 3
1265 4
1266 4
1267 4
1268 4
1269 4
1270 4
1271 4
1272 4
1273 4
1274 4
1275 4
1276 2
1277 1
1278 1
1279 4
1280 1
1281 1
1282 4
1283 4
1284 4
1285 2
1286 1
1287 1
1288 1
1289 1
1290 1
1291 4
1292 4
1293 1
1294 1
1295 4
1296 1
1297 1
1298 1
1299 1
1300 1
1301 3
1302 2
1303 1
1304 4
1305 1
1306 4
1307 1
1308 1
1309 1
1310 2
1311 1
1312 1
1313 1
1314 1
1315 1
1316 3
1317 1
1318 1
1319 4
1320 4
1321 1
1322 1
1323 1
1324 1
1325 3
1326 2
1327 2
1328 2
1329 1
1330 2
1331 1
1332 1
1333 1
1334 1
1335 3
1336 1
1337 1
1338 3
1339 3
1340 3
1341 2
1342 2
1343 1
1344 1
1345 2
1346 1
1347 1
1348 4
1349 2
1350 2
1351 3
1352 2
1353 2
1354 2
1355 1
1356 1
1357 1
1358 1
1359 1
1360 1
1361 1
1362 1
1363 1
1364 1
1365 1
1366 1
1367 1
1368 1
1369 2
1370 1
1371 1
1372 4
1373 1
1374 1
1375 2
1376 1
1377 1
1378 1
1379 4
1380 1
1381 2
1382 1
1383 3
1384 1
1385 4
1386 2
1387 1
1388 2
1389 1
1390 1
1391 1
1392 4
1393 1
1394 2
1395 1
1396 1
1397 1
1398 1
1399 1
1400 1
1401 1
1402 2
1403 1
1404 1
1405 1
1406 1
1407 1
1408 1
1409 2
1410 1
1411 1
1412 1
1413 1
1414 1
1415 1
1416 1
1417 2
1418 1
1419 2
1420 1
1421 1
1422 1
1423 1
1424 1
1425 1
1426 3
1427 1
1428 3
1429 1
1430 1
1431 1
1432 1
1433 2
1434 1
1435 4
1436 1
1437 4
1438 1
1439 1
1440 1
1441 2
1442 1
1443 1
1444 4
1445 2
1446 1
1447 4
1448 4
1449 1
1450 1
1451 1
1452 1
1453 1
1454 1
1455 2
1456 1
1457 1
1458 2
1459 1
1460 4
1461 1
1462 1
1463 4
1464 4
1465 2
1466 4
1467 4
1468 2
1469 4
1470 1
1471 2
1472 4
1473 4
1474 4
1475 1
1476 2
1477 2
1478 2
1479 1
1480 1
1481 1
1482 1
1483 1
1484 2
1485 2
1486 2
1487 1
1488 4
1489 1
1490 1
1491 2
1492 1
1493 4
1494 1
1495 2
1496 4
1497 1
1498 2
1499 1
1500 3
1501 2
1502 1
1503 2
1504 3
1505 3
1506 2
1507 4
1508 2
1509 4
1510 1
1511 1
1512 2
1513 4
1514 2
1515 3
1516 1
1517 1
1518 1
1519 1
1520 1
1521 1
1522 2
1523 3
1524 1
1525 1
1526 1
1527 2
1528 1
1529 4
1530 2
1531 3
1532 1
1533 3
1534 4
1535 1
1536 4
1537 2
1538 3
1539 3
1540 1
1541 1
1542 4
1543 2
1544 3
1545 3
1546 1
1547 1
1548 2
1549 1
1550 3
1551 3
1552 1
1553 1
1554 2
1555 1
1556 3
1557 2
1558 2
1559 4
1560 4
1561 4
1562 3
1563 4
1564 4
1565 4
1566 4
1567 4
1568 4
1569 3
1570 4
1571 4
1572 2
1573 3
1574 2
1575 4
1576 3
1577 2
1578 2
1579 4
1580 4
1581 4
1582 2
1583 1
1584 3
1585 2
1586 2
1587 4
1588 4
1589 4
1590 1
1591 2
1592 3
1593 4
1594 2
1595 3
1596 2
1597 2
1598 3
1599 3
1600 2
1601 3
1602 3
1603 3
1604 3
1605 3
1606 4
1607 3
1608 3
1609 2
1610 2
1611 2
1612 1
1613 3
1614 2
1615 2
1616 3
1617 2
1618 2
1619 1
1620 2
1621 1
1622 3
1623 3
1624 3
1625 3
1626 3
1627 3
1628 4
1629 3
1630 4
1631 1
1632 3
1633 4
1634 4
1635 4
1636 1
1637 4
1638 2
1639 2
1640 2
1641 4
1642 3
1643 1
1644 2
1645 4
1646 1
1647 2
1648 4
1649 1
1650 1
1651 3
1652 3
1653 3
1654 2
1655 3
1656 1
1657 3
1658 3
1659 3
1660 3
1661 2
1662 3
1663 3
1664 3
1665 3
1666 4
1667 4
1668 4
1669 4
1670 4
1671 4
1672 2
1673 4
1674 4
1675 4
1676 4
1677 4
1678 4
1679 4
1680 4
1681 2
1682 4
1683 4
1684 4
1685 4
1686 4
1687 2
1688 2
1689 1
1690 3
1691 1
1692 3
1693 1
1694 1
1695 1
1696 2
1697 3
1698 4
1699 1
1700 1
1701 4
1702 3
1703 3
1704 3
1705 3
1706 2
1707 3
1708 3
1709 2
1710 3
1711 4
1712 3
1713 3
1714 3
1715 2
1716 2
1717 2
1718 2
1719 2
1720 2
1721 3
1722 2
1723 4
1724 2
1725 1
1726 3
1727 1
1728 1
1729 1
1730 2
1731 3
1732 4
1733 3
1734 2
1735 2
1736 2
1737 4
1738 4
1739 4
1740 4
1741 4
1742 4
1743 4
1744 4
1745 4
1746 4
1747 3
1748 4
1749 3
1750 4
1751 4
1752 4
1753 4
1754 4
1755 4
1756 4
1757 3
1758 3
1759 1
1760 1
1761 1
1762 2
1763 1
1764 4
1765 1
1766 4
1767 1
1768 1
1769 1
1770 1
1771 1
1772 1
1773 1
1774 2
1775 4
1776 1
1777 2
1778 2
1779 2
1780 2
1781 2
1782 2
1783 2
1784 2
1785 4
1786 2
1787 2
1788 4
1789 1
1790 2
1791 2
1792 1
1793 1
1794 2
1795 4
1796 1
1797 1
1798 2
1799 1
1800 2
1801 1
1802 1
1803 4
1804 4
1805 1
1806 4
1807 1
1808 1
1809 1
1810 4
1811 2
1812 2
1813 4
1814 1
1815 1
1816 2
1817 4
1818 4
1819 2
1820 2
1821 4
1822 2
1823 1
1824 4
1825 1
1826 1
1827 4
1828 4
1829 2
1830 4
1831 4
1832 1
1833 1
1834 4
1835 1
1836 1
1837 1
1838 1
1839 1
1840 1
1841 1
1842 2
1843 2
1844 1
1845 4
1846 4
1847 1
1848 3
1849 1
1850 1
1851 1
1852 1
1853 2
1854 1
1855 4
1856 1
1857 1
1858 1
1859 1
1860 1
1861 4
1862 1
1863 4
1864 4
1865 1
1866 4
1867 4
1868 4
1869 2
1870 4
1871 1
1872 1
1873 1
1874 3
1875 2
1876 3
1877 2
1878 2
1879 3
1880 2
1881 4
1882 2
1883 2
1884 1
1885 1
1886 2
1887 2
1888 2
1889 2
1890 1
1891 3
1892 2
1893 2
1894 2
1895 2
1896 2
1897 3
1898 4
1899 3
1900 3
1901 2
1902 2
1903 1
1904 2
1905 4
1906 4
1907 1
1908 1
1909 1
1910 4
1911 1
1912 1
1913 4
1914 3
1915 2
1916 4
1917 3
1918 1
1919 1
1920 1
1921 1
1922 1
1923 1
1924 1
1925 1
1926 1
1927 1
1928 1
1929 4
1930 1
1931 1
1932 1
1933 1
1934 1
1935 1
1936 1
1937 2
1938 4
1939 1
1940 1
1941 1
1942 4
1943 1
1944 1
1945 1
1946 1
1947 1
1948 1
1949 1
1950 4
1951 4
1952 1
1953 1
1954 1
1955 1
1956 1
1957 1
1958 1
1959 1
1960 1
1961 1
1962 1
1963 1
1964 1
1965 1
1966 1
1967 1
1968 1
1969 1
1970 2
1971 1
1972 1
1973 1
1974 2
1975 2
1976 1
1977 2
1978 1
1979 2
1980 2
1981 2
1982 3
1983 1
1984 2
1985 2
1986 2
1987 2
1988 2
1989 2
1990 4
1991 2
1992 2
1993 2
1994 1
1995 3
1996 2
1997 3
1998 1
1999 3
2000 1
2001 2
2002 4
2003 1
2004 1
2005 1
2006 1
2007 3
2008 1
2009 4
2010 1
2011 3
2012 1
2013 1
2014 1
2015 1
2016 1
2017 3
2018 2
2019 4
2020 3
2021 1
2022 1
2023 1
2024 1
2025 1
2026 1
2027 1
2028 1
2029 4
2030 1
2031 2
2032 1
2033 2
2034 1
2035 2
2036 1
2037 1
2038 1
2039 1
2040 1
2041 1
2042 1
2043 4
2044 1
2045 2
2046 1
2047 1
2048 1
2049 1
2050 4
2051 1
2052 1
2053 1
2054 2
2055 4
2056 1
2057 1
2058 1
2059 1
2060 1
2061 1
2062 1
2063 1
2064 4
2065 1
2066 1
2067 1
2068 2
2069 2
2070 1
2071 1
2072 2
2073 1
2074 1
2075 1
2076 1
2077 1
2078 1
2079 1
2080 1
2081 1
2082 4
2083 1
2084 4
2085 1
2086 1
2087 1
2088 1
2089 1
2090 1
2091 1
2092 1
2093 4
2094 4
2095 1
2096 1
2097 1
2098 2
2099 4
2100 4
2101 1
2102 1
2103 1
2104 1
2105 3
2106 1
2107 3
2108 3
2109 1
2110 1
2111 2
2112 3
2113 3
2114 4
2115 3
2116 2
2117 2
2118 3
2119 4
2120 2
2121 3
2122 1
2123 1
2124 1
2125 1
2126 1
2127 1
2128 1
2129 1
2130 1
2131 1
2132 1
2133 1
2134 4
2135 1
2136 1
2137 2
2138 2
2139 1
2140 1
2141 4
2142 1
2143 4
2144 1
2145 1
2146 1
2147 4
2148 1
2149 1
2150 1
2151 1
2152 2
2153 1
2154 1
2155 4
2156 4
2157 1
2158 1
2159 1
2160 1
2161 2
2162 1
2163 4
2164 1
2165 1
2166 2
2167 1
2168 2
2169 2
2170 2
2171 2
2172 2
2173 3
2174 1
2175 4
2176 2
2177 2
2178 1
2179 4
2180 2
2181 1
2182 3
2183 2
2184 1
2185 1
2186 1
2187 1
2188 1
2189 4
2190 2
2191 4
2192 3
2193 1
2194 3
2195 3
2196 2
2197 4
2198 4
2199 3
2200 4
2201 1
2202 4
2203 4
2204 4
2205 1
2206 2
2207 3
2208 4
2209 4
2210 4
2211 4
2212 4
2213 4
2214 1
2215 1
2216 1
2217 4
2218 4
2219 4
2220 4
2221 4
2222 1
2223 1
2224 2
2225 4
2226 4
2227 4
2228 4
2229 4
2230 4
2231 1
2232 4
2233 4
2234 1
2235 1
2236 1
2237 4
2238 1
2239 1
2240 1
2241 1
2242 1
2243 1
2244 1
2245 1
2246 1
2247 1
2248 1
2249 1
2250 1
2251 1
2252 1
2253 1
2254 1
2255 1
2256 1
2257 1
2258 1
2259 1
2260 4
2261 1
2262 1
2263 1
2264 1
2265 1
2266 1
2267 1
2268 1
2269 2
2270 2
2271 2
2272 4
2273 4
2274 4
2275 1
2276 1
2277 4
2278 3
2279 1
2280 4
2281 2
2282 4
2283 4
2284 2
2285 4
2286 4
2287 1
2288 1
2289 4
2290 4
2291 2
2292 4
2293 4
2294 4
2295 4
2296 4
2297 4
2298 2
2299 4
2300 1
2301 2
2302 4
2303 4
2304 1
2305 1
2306 4
2307 4
2308 2
2309 4
2310 1
2311 1
2312 4
2313 1
2314 2
2315 2
2316 4
2317 1
2318 2
2319 1
2320 1
2321 1
2322 1
2323 4
2324 1
2325 1
2326 2
2327 1
2328 4
2329 4
2330 4
2331 4
2332 4
2333 2
2334 4
2335 4
2336 4
2337 4
2338 2
2339 4
2340 1
2341 1
2342 1
2343 4
2344 4
2345 1
2346 2
2347 3
2348 2
2349 2
2350 1
2351 1
2352 1
2353 2
2354 4
2355 4
2356 4
2357 4
2358 4
2359 4
2360 4
2361 1
2362 4
2363 4
2364 1
2365 4
2366 2
2367 2
2368 1
2369 1
2370 4
2371 4
2372 4
2373 2
2374 2
2375 1
2376 4
2377 1
2378 4
2379 1
2380 4
2381 2
2382 4
2383 1
2384 1
2385 1
2386 4
2387 4
2388 2
2389 1
2390 4
2391 4
2392 4
2393 4
2394 4
2395 2
2396 4
2397 4
2398 4
2399 4
2400 2
2401 4
2402 1
2403 1
2404 2
2405 4
2406 4
2407 1
2408 1
2409 4
2410 4
2411 1
2412 1
2413 4
2414 4
2415 4
2416 1
2417 4
2418 2
2419 1
2420 4
2421 4
2422 1
2423 4
2424 4
2425 4
2426 4
2427 2
2428 4
2429 2
2430 4
2431 1
2432 4
2433 1
2434 4
2435 4
2436 1
2437 4
2438 4
2439 4
2440 2
2441 4
2442 4
2443 4
2444 4
2445 4
2446 4
2447 2
2448 4
2449 4
2450 1
2451 4
2452 4
2453 2
2454 1
2455 1
2456 1
2457 4
2458 4
2459 4
2460 4
2461 4
2462 4
2463 4
2464 4
2465 3
2466 4
2467 4
2468 4
2469 4
2470 4
2471 4
2472 4
2473 2
2474 2
2475 2
2476 2
2477 2
2478 2
2479 1
2480 2
2481 2
2482 4
2483 4
2484 4
2485 1
2486 3
2487 4
2488 4
2489 2
2490 4
2491 4
2492 1
2493 3
2494 4
2495 4
2496 1
2497 2
2498 4
2499 4
2500 4
2501 4
2502 4
2503 4
2504 4
2505 4
2506 4
2507 4
2508 4
2509 4
2510 4
2511 4
2512 4
2513 4
2514 4
2515 4
2516 4
2517 4
2518 4
2519 3
2520 4
2521 1
2522 1
2523 4
2524 1
2525 1
2526 1
2527 1
2528 1
2529 1
2530 4
2531 1
2532 1
2533 1
2534 2
2535 2
2536 1
2537 4
2538 3
2539 4
2540 4
2541 3
2542 3
2543 4
2544 2
2545 4
2546 3
2547 3
2548 4
2549 4
2550 4
2551 4
2552 4
2553 2
2554 3
2555 4
2556 2
2557 3
2558 3
2559 3
2560 2
2561 1
2562 1
2563 1
2564 1
2565 1
2566 1
2567 4
2568 1
2569 1
2570 1
2571 1
2572 1
2573 1
2574 1
2575 2
2576 1
2577 1
2578 4
2579 1
2580 1
2581 2
2582 4
2583 1
2584 1
2585 1
2586 3
2587 2
2588 1
2589 2
2590 1
2591 4
2592 2
2593 2
2594 2
2595 4
2596 1
2597 4
2598 1
2599 2
2600 2
2601 2
2602 4
2603 2
2604 1
2605 1
2606 1
2607 1
2608 4
2609 4
2610 3
2611 2
2612 3
2613 3
2614 2
2615 4
2616 4
2617 1
2618 1
2619 1
2620 4
2621 4
2622 2
2623 2
2624 2
2625 2
2626 1
2627 2
2628 4
2629 2
2630 1
2631 1
2632 2
2633 4
2634 4
2635 1
2636 1
2637 4
2638 1
2639 1
2640 2
2641 1
2642 4
2643 2
2644 4
2645 4
2646 2
2647 3
2648 4
2649 3
2650 2
2651 3
2652 2
2653 2
2654 3
2655 1
2656 2
2657 4
2658 1
2659 3
2660 2
2661 3
2662 1
2663 2
2664 1
2665 3
2666 4
2667 2
2668 2
2669 1
2670 1
2671 1
2672 1
2673 1
2674 1
2675 1
2676 1
2677 4
2678 2
2679 2
2680 1
2681 1
2682 1
2683 4
2684 1
2685 1
2686 1
2687 2
2688 2
2689 1
2690 1
2691 1
2692 1
2693 1
2694 1
2695 1
2696 1
2697 4
2698 1
2699 2
2700 2
2701 1
2702 2
2703 2
2704 2
2705 1
2706 1
2707 1
2708 2
2709 2
2710 1
2711 2
2712 2
2713 2
2714 2
2715 4
2716 4
2717 1
2718 1
2719 1
2720 1
2721 1
2722 1
2723 1
2724 1
2725 1
2726 2
2727 1
2728 1
2729 1
2730 1
2731 1
2732 1
2733 1
2734 1
2735 4
2736 1
2737 1
2738 1
2739 1
2740 1
2741 1
2742 1
2743 1
2744 1
2745 1
2746 1
2747 1
2748 3
2749 4
2750 2
2751 2
2752 1
2753 3
2754 4
2755 1
2756 1
2757 2
2758 1
2759 1
2760 1
2761 4
2762 1
2763 4
2764 4
2765 1
2766 1
2767 1
2768 1
2769 1
2770 1
2771 4
2772 4
2773 1
2774 4
2775 4
2776 1
2777 4
2778 3
2779 4
2780 1
2781 1
2782 1
2783 1
2784 4
2785 4
2786 1
2787 1
2788 2
2789 4
2790 4
2791 4
2792 1
2793 2
2794 1
2795 4
2796 1
2797 4
2798 4
2799 1
2800 4
2801 1
2802 4
2803 4
2804 1
2805 4
2806 4
2807 2
2808 2
2809 1
2810 4
2811 2
2812 2
2813 2
2814 2
2815 2
2816 2
2817 2
2818 2
2819 1
2820 1
2821 2
2822 1
2823 1
2824 2
2825 2
2826 2
2827 2
2828 1
2829 3
2830 4
2831 4
2832 3
2833 2
2834 2
2835 2
2836 2
2837 1
2838 1
2839 3
2840 2
2841 3
2842 4
2843 4
2844 4
2845 2
2846 1
2847 1
2848 1
2849 2
2850 2
2851 4
2852 1
2853 3
2854 4
2855 4
2856 3
2857 3
2858 2
2859 3
2860 3
2861 3
2862 3
2863 3
2864 3
2865 3
2866 3
2867 3
2868 3
2869 1
2870 3
2871 2
2872 1
2873 3
2874 4
2875 2
2876 4
2877 4
2878 4
2879 4
2880 4
2881 4
2882 4
2883 4
2884 4
2885 2
2886 4
2887 4
2888 4
2889 4
2890 4
2891 4
2892 4
2893 4
2894 4
2895 2
2896 2
2897 1
2898 3
2899 2
2900 4
2901 3
2902 3
2903 2
2904 2
2905 3
2906 2
2907 3
2908 2
2909 3
2910 3
2911 2
2912 2
2913 3
2914 2
2915 1
2916 2
2917 1
2918 3
2919 2
2920 4
2921 1
2922 2
2923 1
2924 1
2925 1
2926 1
2927 1
2928 1
2929 1
2930 1
2931 1
2932 1
2933 1
2934 2
2935 1
2936 2
2937 1
2938 1
2939 2
2940 1
2941 1
2942 4
2943 4
2944 1
2945 1
2946 1
2947 2
2948 2
2949 1
2950 1
2951 1
2952 4
2953 4
2954 2
2955 1
2956 1
2957 1
2958 1
2959 4
2960 1
2961 1
2962 4
2963 1
2964 3
2965 4
2966 1
2967 2
2968 4
2969 2
2970 1
2971 1
2972 1
2973 1
2974 1
2975 4
2976 4
2977 4
2978 4
2979 2
2980 4
2981 4
2982 4
2983 2
2984 3
2985 1
2986 2
2987 2
2988 4
2989 2
2990 1
2991 3
2992 4
2993 2
2994 4
2995 1
2996 2
2997 1
2998 3
2999 2
3000 2
3001 3
3002 1
3003 1
3004 1
3005 4
3006 2
3007 2
3008 2
3009 1
3010 4
3011 3
3012 2
3013 2
3014 2
3015 1
3016 1
3017 1
3018 1
3019 1
3020 4
3021 1
3022 1
3023 1
3024 2
3025 2
3026 2
3027 2
3028 1
3029 1
3030 1
3031 2
3032 1
3033 3
3034 4
3035 1
3036 4
3037 1
3038 1
3039 4
3040 1
3041 4
3042 3
3043 4
3044 1
3045 2
3046 4
3047 4
3048 4
3049 1
3050 1
3051 1
3052 2
3053 2
3054 2
3055 2
3056 2
3057 4
3058 2
3059 1
3060 1
3061 1
3062 4
3063 1
3064 1
3065 1
3066 4
3067 4
3068 4
3069 4
3070 2
3071 3
3072 1
3073 3
3074 2
3075 1
3076 1
3077 4
3078 4
3079 4
3080 4
3081 4
3082 2
3083 1
3084 2
3085 1
3086 4
3087 4
3088 4
3089 4
3090 3
3091 2
3092 4
3093 1
3094 4
3095 4
3096 4
3097 3
3098 1
3099 1
3100 4
3101 2
3102 2
3103 1
3104 1
3105 1
3106 4
3107 3
3108 3
3109 4
3110 3
3111 4
3112 4
3113 2
3114 1
3115 1
3116 2
3117 1
3118 1
3119 1
3120 2
3121 1
3122 1
3123 1
3124 1
3125 1
3126 1
3127 1
3128 1
3129 1
3130 1
3131 1
3132 1
3133 1
3134 1
3135 1
3136 1
3137 2
3138 1
3139 1
3140 1
3141 1
3142 1
3143 1
3144 1
3145 1
3146 1
3147 1
3148 1
3149 1
3150 1
3151 1
3152 1
3153 2
3154 1
3155 2
3156 1
3157 1
3158 1
3159 1
3160 1
3161 1
3162 1
3163 2
3164 1
3165 1
3166 1
3167 1
3168 1
3169 1
3170 1
3171 1
3172 1
3173 1
3174 1
3175 2
3176 2
3177 1
3178 1
3179 1
3180 2
3181 1
3182 2
3183 1
3184 1
3185 2
3186 1
3187 1
3188 1
3189 1
3190 2
3191 1
3192 1
3193 1
3194 1
3195 1
3196 2
3197 1
3198 1
3199 1
3200 1
3201 1
3202 1
3203 2
3204 1
3205 1
3206 4
3207 2
3208 1
3209 1
3210 1
3211 1
3212 1
3213 1
3214 1
3215 2
3216 1
3217 1
3218 1
3219 1
3220 1
3221 2
3222 2
3223 2
3224 1
3225 1
3226 2
3227 1
3228 1
3229 2
3230 1
3231 1
3232 1
3233 1
3234 1
3235 1
3236 1
3237 1
3238 1
3239 2
3240 1
3241 2
3242 1
3243 2
3244 2
3245 2
3246 2
3247 2
3248 2
3249 2
3250 2
3251 2
3252 2
3253 2
3254 2
3255 2
3256 2
3257 2
3258 3
3259 2
3260 2
3261 2
3262 2
3263 2
3264 2
3265 2
3266 2
3267 2
3268 2
3269 2
3270 4
3271 2
3272 2
3273 2
3274 2
3275 2
3276 2
3277 2
3278 2
3279 2
3280 4
3281 2
3282 2
3283 2
3284 2
3285 2
3286 2
3287 2
3288 2
3289 2
3290 2
3291 2
3292 4
3293 2
3294 2
3295 2
3296 3
3297 2
3298 1
3299 4
3300 4
3301 2
3302 4
3303 3
3304 3
3305 2
3306 4
3307 1
3308 2
3309 3
3310 1
3311 4
3312 4
3313 4
3314 3
3315 4
3316 3
3317 2
3318 2
3319 3
3320 3
3321 2
3322 3
3323 3
3324 3
3325 4
3326 2
3327 3
3328 3
3329 2
3330 3
3331 4
3332 3
3333 2
3334 3
3335 2
3336 2
3337 4
3338 4
3339 3
3340 2
3341 4
3342 2
3343 3
3344 4
3345 3
3346 3
3347 2
3348 2
3349 3
3350 3
3351 1
3352 2
3353 4
3354 4
3355 2
3356 2
3357 4
3358 1
3359 4
3360 4
3361 4
3362 3
3363 4
3364 4
3365 3
3366 1
3367 1
3368 4
3369 3
3370 3
3371 4
3372 3
3373 1
3374 4
3375 4
3376 3
3377 3
3378 3
3379 3
3380 3
3381 3
3382 3
3383 3
3384 3
3385 3
3386 3
3387 3
3388 3
3389 3
3390 3
3391 3
3392 3
3393 3
3394 3
3395 3
3396 3
3397 3
3398 3
3399 3
3400 3
3401 3
3402 3
3403 3
3404 3
3405 3
3406 3
3407 3
3408 3
3409 3
3410 3
3411 3
3412 1
3413 3
3414 3
3415 3
3416 2
3417 3
3418 4
3419 3
3420 3
3421 3
3422 3
3423 3
3424 3
3425 3
3426 3
3427 3
3428 3
3429 3
3430 3
3431 3
3432 3
3433 3
3434 3
3435 3
3436 3
3437 3
3438 3
3439 3
3440 3
3441 3
3442 3
3443 3
3444 3
3445 3
3446 3
3447 3
3448 3
3449 3
3450 3
3451 2
3452 3
3453 3
3454 3
3455 3
3456 3
3457 4
3458 3
3459 2
3460 3
3461 2
3462 2
3463 4
3464 4
3465 1
3466 4
3467 2
3468 2
3469 4
3470 4
3471 2
3472 2
3473 2
3474 2
3475 4
3476 2
3477 4
3478 4
3479 2
3480 4
3481 4
3482 4
3483 2
3484 2
3485 1
3486 4
3487 4
3488 1
3489 1
3490 4
3491 1
3492 4
3493 4
3494 4
3495 4
3496 4
3497 4
3498 4
3499 4
3500 3
3501 2
3502 1
3503 2
3504 2
3505 2
3506 2
3507 2
3508 2
3509 2
3510 2
3511 2
3512 2
3513 2
3514 2
3515 2
3516 3
3517 2
3518 2
3519 2
3520 2
3521 2
3522 2
3523 2
3524 2
3525 2
3526 2
3527 2
3528 2
3529 2
3530 2
3531 2
3532 2
3533 2
3534 2
3535 2
3536 2
3537 2
3538 2
3539 2
3540 2
3541 2
3542 2
3543 2
3544 2
3545 2
3546 2
3547 2
3548 2
3549 2
3550 2
3551 2
3552 2
3553 2
3554 2
3555 2
3556 2
3557 2
3558 2
3559 2
3560 2
3561 2
3562 2
3563 2
3564 2
3565 2
3566 2
3567 2
3568 2
3569 2
3570 2
3571 2
3572 2
3573 2
3574 2
3575 2
3576 2
3577 2
3578 2
3579 2
3580 2
3581 2
3582 2
3583 2
3584 2
3585 2
3586 2
3587 2
3588 2
3589 2
3590 2
3591 2
3592 2
3593 2
3594 4
3595 3
3596 2
3597 2
3598 2
3599 2
3600 2
3601 2
3602 2
3603 3
3604 2
3605 2
3606 2
3607 2
3608 2
3609 2
3610 2
3611 2
3612 2
3613 2
3614 4
3615 1
3616 1
3617 4
3618 4
3619 4
3620 4
3621 4
3622 4
3623 2
3624 4
3625 4
3626 4
3627 4
3628 2
3629 1
3630 1
3631 1
3632 1
3633 1
3634 1
3635 1
3636 4
3637 2
3638 2
3639 2
3640 2
3641 4
3642 2
3643 1
3644 1
3645 1
3646 2
3647 1
3648 4
3649 1
3650 1
3651 1
3652 1
3653 1
3654 1
3655 1
3656 1
3657 1
3658 4
3659 1
3660 4
3661 1
3662 4
3663 1
3664 1
3665 4
3666 4
3667 4
3668 2
3669 4
3670 4
3671 4
3672 4
3673 4
3674 4
3675 4
3676 4
3677 4
3678 4
3679 4
3680 4
3681 4
3682 4
3683 4
3684 4
3685 4
3686 4
3687 2
3688 4
3689 4
3690 4
3691 4
3692 4
3693 4
3694 4
3695 4
3696 4
3697 4
3698 4
3699 4
3700 4
3701 4
3702 4
3703 4
3704 4
3705 4
3706 4
3707 4
3708 4
3709 4
3710 4
3711 4
3712 4
3713 4
3714 4
3715 4
3716 4
3717 4
3718 4
3719 4
3720 4
3721 4
3722 4
3723 4
3724 4
3725 4
3726 4
3727 4
3728 4
3729 4
3730 4
3731 4
3732 4
3733 4
3734 4
3735 4
3736 4
3737 4
3738 4
3739 4
3740 4
3741 4
3742 4
3743 4
3744 4
3745 4
3746 4
3747 4
3748 4
3749 4
3750 4
3751 4
3752 4
3753 4
3754 4
3755 4
3756 4
3757 4
3758 4
3759 4
3760 4
3761 4
3762 4
3763 4
3764 4
3765 4
3766 4
3767 4
3768 4
3769 4
3770 4
3771 4
3772 4
3773 4
3774 4
3775 4
3776 4
3777 4
3778 4
3779 4
3780 4
3781 4
3782 4
3783 4
3784 4
3785 4
3786 4
3787 4
3788 4
3789 4
3790 4
3791 4
3792 4
3793 4
3794 4
3795 4
3796 4
3797 4
3798 4
3799 4
3800 4
3801 4
3802 4
3803 4
3804 4
3805 4
3806 4
3807 4
3808 4
3809 4
3810 4
3811 4
3812 4
3813 4
3814 4
3815 4
3816 4
3817 4
3818 4
3819 4
3820 4
3821 4
3822 2
3823 4
3824 4
3825 4
3826 4
3827 4
3828 4
3829 4
3830 4
3831 4
3832 4
3833 4
3834 4
3835 4
3836 4
3837 4
3838 4
3839 4
3840 4
3841 4
3842 4
3843 4
3844 4
3845 4
3846 4
3847 4
3848 4
3849 4
3850 4
3851 4
3852 4
3853 4
3854 4
3855 4
3856 4
3857 4
3858 4
3859 4
3860 4
3861 4
3862 4
3863 4
3864 4
3865 4
3866 4
3867 4
3868 4
3869 4
3870 4
3871 4
3872 4
3873 4
3874 4
3875 4
3876 4
3877 4
3878 4
3879 4
3880 4
3881 4
3882 4
3883 4
3884 4
3885 4
3886 4
3887 4
3888 4
3889 4
3890 4
3891 4
3892 1
3893 1
3894 1
3895 1
3896 1
3897 1
3898 1
3899 1
3900 1
3901 1
3902 1
3903 1
3904 1
3905 1
3906 1
3907 1
3908 1
3909 1
3910 1
3911 1
3912 1
3913 1
3914 1
3915 1
3916 1
3917 1
3918 1
3919 1
3920 1
3921 1
3922 1
3923 1
3924 1
3925 1
3926 1
3927 1
3928 1
3929 1
3930 1
3931 1
3932 1
3933 1
3934 1
3935 1
3936 1
3937 1
3938 1
3939 1
3940 1
3941 1
3942 1
3943 1
3944 1
3945 1
3946 1
3947 1
3948 1
3949 1
3950 1
3951 1
3952 1
3953 1
3954 1
3955 1
3956 1
3957 2
3958 1
3959 1
3960 1
3961 1
3962 1
3963 1
3964 1
3965 1
3966 1
3967 1
3968 1
3969 1
3970 1
3971 2
3972 1
3973 1
3974 1
3975 1
3976 1
3977 1
3978 1
3979 1
3980 1
3981 1
3982 1
3983 1
3984 1
3985 1
3986 1
3987 1
3988 1
3989 1
3990 1
3991 1
3992 1
3993 1
3994 1
3995 1
3996 1
3997 1
3998 1
3999 1
4000 1
4001 1
4002 1
4003 1
4004 1
4005 1
4006 1
4007 1
4008 1
4009 1
4010 1
4011 1
4012 1
4013 1
4014 1
4015 1
4016 1
4017 1
4018 1
4019 1
4020 1
4021 1
4022 1
4023 1
4024 1
4025 1
4026 1
4027 1
4028 1
4029 1
4030 1
4031 1
4032 1
4033 1
4034 1
4035 1
4036 1
4037 1
4038 1
4039 1
4040 1
4041 1
4042 1
4043 1
4044 1
4045 1
4046 1
4047 1
4048 1
4049 1
4050 1
4051 1
4052 1
4053 1
4054 1
4055 1
4056 1
4057 1
