0 1154752525
1 2622890002
2 1131683864
3 2625962009
4 1175044124
5 1157832733
6 1199710238
7 1156300831
8 1163165737
9 2754396201
10 1180131379
11 1129857081
12 2755805243
13 2754986044
14 2754781246
15 1148330047
16 2755592256
17 1200029762
18 2753970243
19 2622849096
20 1141629004
21 1164386382
22 1155137614
23 2755813455
24 2756067413
25 1187160151
26 1198399583
27 2755027040
28 2759827559
29 2755108967
30 2754920557
31 1173373037
32 2898559085
33 1177288818
34 2754027635
35 2756288631
36 1201561728
37 2755870848
38 1169768578
39 2754478211
40 2755428484
41 2758844549
42 2754527366
43 1185284231
44 2758344833
45 1125007497
46 1132454027
47 1140449422
48 1146306704
49 1198121106
50 1128202388
51 2755903644
52 1160224924
53 2759123102
54 2755018909
55 2755535008
56 2756173985
57 2623176867
58 1129324708
59 2758590630
60 1174839472
61 1184014513
62 2760802481
63 1157980339
64 1161412788
65 2754576563
66 1125490875
67 2755944635
68 2756149438
69 1129611459
70 1152803012
71 2754461891
72 2627043526
73 1138360521
74 1171431627
75 2898125011
76 2755526868
77 2757656789
78 1188487383
79 1148944599
80 1121935577
81 2621440218
82 1160077527
83 1150140640
84 2755952865
85 1175888098
86 2734383331
87 1120010468
88 1136861413
89 1185931494
90 2622906602
91 1175101678
92 1121493235
93 2754347256
94 2753945848
95 1142784253
96 2755649789
97 1180270854
98 2625429767
99 1201250571
100 1179107595
101 2755813646
102 1146437905
103 1146118425
104 2623791386
105 1153384733
106 2621669662
107 2625233185
108 1142743330
109 1197859109
110 1199137064
111 2754306351
112 1180172597
113 2755486007
114 2622644535
115 1153524033
116 2756313409
117 1129775427
118 1128718661
119 2755305800
120 1197908299
121 1163190608
122 2626232658
123 2898461010
124 1165869400
125 2754462042
126 2898215259
127 1132290396
128 2624790877
129 1149542749
130 1195049314
131 2755477862
132 1163542891
133 2754290031
134 1196016004
135 2759074181
136 2757804427
137 2238538125
138 1164009877
139 2755895703
140 1120715160
141 2754322843
142 2756264349
143 2754027934
144 1198662047
145 1173897633
146 1153474980
147 1171169701
148 2626077092
149 1176895911
150 1127424420
151 2756182441
152 1136042413
153 2757403054
154 2622513583
155 1171980720
156 1132577199
157 1155899826
158 1187733938
159 1130873268
160 1165672886
161 1153556929
162 2625298891
163 2758099404
164 1122238926
165 1154269646
166 1132773841
167 1199981023
168 1152082401
169 1194689000
170 2756059627
171 2755420653
172 1196868077
173 2626789869
174 2626437613
175 1152238068
176 2898084344
177 1193566715
178 2758468093
179 2756174349
180 1134101006
181 1138950671
182 2755314191
183 2755068430
184 2624455187
185 2754945561
186 1149428251
187 1174069788
188 2754683423
189 2626150945
190 2755887652
191 2755420708
192 2754511396
193 2756772395
194 1129447984
195 1138950705
196 2727682610
197 1166230065
198 1124590135
199 2755142199
200 2754691642
201 2760139324
202 2754208321
203 2734539333
204 1163264588
205 1203937868
206 1138909778
207 1131086423
208 2755912279
209 1163059802
210 2756567653
211 1181770344
212 1142153833
213 2623447661
214 1184170611
215 2898166392
216 2760401529
217 2757853818
218 1158636154
219 1161953916
220 2754577025
221 2898133633
222 2898313861
223 2626904709
224 1190953609
225 1177469577
226 1197179538
227 2757804692
228 1150919317
229 2755666582
230 2759197336
231 1183580825
232 1176822435
233 2755805862
234 2754249383
235 1170686637
236 1173521070
237 2757378734
238 1187005110
239 2898404022
240 2756821689
241 2755928763
242 2754241216
243 2756018882
244 1189659341
245 2755175125
246 2624946902
247 2898166485
248 1176077016
249 1194992345
250 1150542554
251 1155015387
252 1124147936
253 2898117344
254 2624914144
255 1198654179
256 1159717609
257 1142022895
258 2626192112
259 2754880248
260 2756788986
261 2755814139
262 1163494139
263 2606605052
264 2606228224
265 2755183362
266 1130464007
267 2898313997
268 1166500626
269 2755355420
270 1194640161
271 1200145187
272 1162650406
273 2754446120
274 1164321581
275 2754470706
276 1199825717
277 2755912504
278 2754110264
279 1139008316
280 2756412222
281 2625545022
282 2625102657
283 1132593990
284 1200366406
285 2755076936
286 2625766220
287 2754601805
288 2622415693
289 2754339667
290 2730623837
291 2759500638
292 1168671587
293 1198629739
294 2755470196
295 2757518198
296 2627068791
297 2759197562
298 2623423368
299 2754675597
300 1143178125
301 1136755600
302 1147683736
303 2624381848
304 2758812571
305 1144120221
306 1121797035
307 2625987502
308 1189675953
309 1171022770
310 1130177464
311 1184269240
312 2615919549
313 2755158973
314 1151509452
315 2754847692
316 2754184140
317 1134494671
318 1175274447
319 2625536980
320 2754782165
321 2756477910
322 1130292186
323 1128547292
324 1202201565
325 2755765213
326 2623792093
327 2754733029
328 2756510695
329 2760803309
330 1176273901
331 1144185841
332 2626823158
333 1143423991
334 2534597628
335 2755765245
336 2755576832
337 2755372035
338 2755658758
339 2627085320
340 2622186505
341 1143948298
342 1133691915
343 2622260240
344 1133200404
345 2754470935
346 2626020377
347 1150051358
348 2754954274
349 2755281958
350 1174168622
351 1173054512
352 1193534515
353 1142809651
354 1163887669
355 1133495350
356 2754700351
357 1193731136
358 2755830850
359 1158833223
360 2757248074
361 2758706252
362 2898576462
363 2759091279
364 1157063759
365 2624595023
366 2757313622
367 1187587159
368 1170728023
369 1130300512
370 1192551523
371 1187726438
372 2758435947
373 1155638383
374 1188521074
375 2621703292
376 2754643071
377 2754086029
378 2754905231
379 1156703377
380 2760172689
381 1171178643
382 1193108635
383 1195648157
384 2621924511
385 1173972131
386 1141769385
387 1153467564
388 2621686957
389 1189274801
390 2754585779
391 2735662263
392 2759361722
393 2898379965
394 1184048318
395 2755847365
396 2760238286
397 1121756369
398 2755085522
399 2754757841
400 2622833876
401 1133651164
402 2535638237
403 1152271581
404 2755642597
405 2753963244
406 1124607213
407 1160389874
408 1176978676
409 2755388662
410 2735555832
411 1179772154
412 2755011837
413 1164469504
414 2622776580
415 2757936393
416 2758845705
417 2622932236
418 1120281879
419 1173644570
420 2757444891
421 2537178404
422 2758501671
423 2755552554
424 1203258669
425 2621719857
426 1124713781
427 1183679797
428 2757305654
429 2627069240
430 1151763769
431 1190643002
432 2760746302
433 1168254271
434 2754217282
435 2758387012
436 2754102603
437 2755085658
438 2755437923
439 2754446691
440 1137657189
441 2756339047
442 2754266475
443 1179731308
444 2754569583
445 2755110255
446 1168876913
447 1169089907
448 1174979956
449 1190659448
450 1204520312
451 1140917629
452 2622604671
453 1154737535
454 2625480066
455 2898281875
456 1140213147
457 2584683931
458 1152239011
459 2898609575
460 1135838635
461 1195738541
462 2759959984
463 1134921140
464 2626020790
465 1190684087
466 2756314553
467 2759017913
468 1119602113
469 2756314562
470 2758124996
471 2757395913
472 2754135502
473 1187792334
474 2760443345
475 2756027862
476 2755085782
477 2735351257
478 1152894426
479 2760787418
480 1191904734
481 2754225634
482 2756371943
483 1190086121
484 1137878512
485 2754536946
486 2758428153
487 1168262657
488 1131603458
489 2625725954
490 2756240899
491 1155163656
492 1137640971
493 2753996301
494 1142621710
495 2760295950
496 2755249682
497 1159538197
498 2760246806
499 1135584791
500 2754348571
501 2760042014
502 2754176545
503 2754602532
504 2758690343
505 2755077684
506 1197778485
507 1145120309
508 1204479544
509 2755241531
510 1170695740
511 2758346301
512 2755438139
513 2755061313
514 2625152578
515 1153926724
516 2605467207
517 2759714381
518 1134069326
519 1153779279
520 1196942926
521 1119897178
522 2754242139
523 2756380258
524 2754283107
525 2754389603
526 2755561061
527 2626758250
528 2758166122
529 1192093291
530 1164609139
531 2623571572
532 2756396664
533 1151788669
534 1189103230
535 2623661694
536 2625971837
537 2757928577
538 2760738434
539 1140082307
540 2758796935
541 2756912778
542 1140000399
543 1149945488
544 2754610831
545 2756249233
546 2621802131
547 2756249232
548 1158989467
549 1125967516
550 1185392286
551 1142458017
552 2623833764
553 1146676910
554 2759411377
555 2898323122
556 2756282039
557 1178166968
558 1136215736
559 2758084286
560 1200891582
561 2626381505
562 1186367171
563 2755126985
564 2754266827
565 2622760654
566 2755020506
567 1127098075
568 2756765408
569 2756814561
570 1200006883
571 1153017583
572 2625562355
573 2624202484
574 1131341566
575 2758469374
576 1178330879
577 2758764289
578 2756323077
579 2626823945
580 1164519180
581 1203873549
582 2622105362
583 2755086100
584 1128130329
585 2754488090
586 1165838108
587 2754586412
588 1143572269
589 2626610990
590 2624612140
591 1163618098
592 1160783667
593 2624735027
594 2755913526
595 2755503935
596 2625644355
597 2623113034
598 2754824016
599 1169008467
600 1119684440
601 2754504537
602 1152051035
603 1162315616
604 1134913378
605 2754611049
606 1133799274
607 1188030315
608 2754996082
609 1140680567
610 2626725751
611 1123108728
612 1135265656
613 2754725756
614 1130809216
615 2754881410
616 1134765956
617 2754537352
618 2624464780
619 1127352206
620 2756151189
621 2754635670
622 2623678361
623 1169721244
624 1174644639
625 2755192738
626 2755741602
627 2755962790
628 1151928236
629 1203333039
630 1187637167
631 1160062895
632 1180338098
633 2756192179
634 1186793391
635 2754471860
636 2624178097
637 2756241335
638 1196984251
639 1185630141
640 2898094016
641 1188726732
642 1187669966
643 2754742224
644 2757461969
645 1152747473
646 1185621975
647 1134880735
648 2756208608
649 1202169824
650 2754119650
651 2625464293
652 2755545065
653 1184106476
654 1156138999
655 2754004985
656 1136953354
657 1155500043
658 2756208652
659 1173792781
660 2623948813
661 2623670289
662 2626381841
663 1152985112
664 1197426713
665 1159071770
666 1143040027
667 2250491939
668 2755307557
669 2756765735
670 2754979881
671 1131300907
672 1168181294
673 2755905592
674 1177184315
675 2757568571
676 2758740029
677 2622752829
678 2625865794
679 2759452747
680 1140656204
681 2755684428
682 2760067151
683 2759911507
684 2760214619
685 1176176731
686 2624432221
687 2756200542
688 2755815519
689 2626537566
690 1177421922
691 2754095203
692 2754275429
693 2898298985
694 1162831978
695 1157056623
696 2624055407
697 2754971765
698 1138550902
699 2756388983
700 2758502524
701 2735564925
702 2754545791
703 2623219840
704 2734696582
705 1183230087
706 2624407689
707 2755283090
708 2756331671
709 2756274330
710 1161701531
711 2898487456
712 2734983331
713 1197131943
714 2755799212
715 1136617647
716 2754562224
717 1158465717
718 2754398399
719 1131440322
720 2898282690
721 1195960517
722 2623760588
723 1123338449
724 2898200789
725 2623670486
726 2758125784
727 1154427100
728 1159170270
729 2756995294
730 1133365479
731 1170221290
732 2755881205
733 2735442167
734 1147734270
735 1199147270
736 2758535430
737 1144604942
738 2754193678
739 1130965270
740 1147218201
741 1160145187
742 2898389284
743 1183639848
744 2755635504
745 2735753530
746 2754619710
747 2755176766
748 1171876160
749 2898495809
750 2755266884
751 1178831173
752 2755529030
753 2756045125
754 1158801738
755 1203104074
756 2626333002
757 2898463056
758 1165822292
759 1174915412
760 2898159959
761 1179609432
762 1132800348
763 2753988958
764 2753980770
765 1160604004
766 2755053927
767 2760419688
768 2754390377
769 1201662314
770 1183852906
771 2756209004
772 2756077945
773 1182747003
774 1159702908
775 1152543101
776 1188350336
777 2759526785
778 1162660226
779 1141336450
780 2621598090
781 1159629202
782 2754439572
783 2754873749
784 1157343637
785 1199802775
786 2625874324
787 2735450524
788 1158252963
789 2755381670
790 2757634473
791 1130777002
792 2754472367
793 2623269297
794 2754767283
795 2755807670
796 2757036473
797 2754939321
798 1163725243
799 2756594110
800 1120209348
801 1128163780
802 2759993800
803 2754030025
804 1147832778
805 1122896333
806 2759977425
807 2754955730
808 2606000596
809 1188587990
810 2759035355
811 1188440540
812 2757151199
813 2754251237
814 1153010150
815 1140902380
816 2759698925
817 1127066094
818 1177774579
819 2623089141
820 2754456056
821 1174653440
822 2757224964
823 2754669061
824 1190251015
825 2759723528
826 1144277514
827 2756061709
828 2755684885
829 2754841109
830 1172556315
831 2759576092
832 1150208541
833 1185016349
834 1155975711
835 1161726496
836 1153395238
837 2754578982
838 1178880552
839 2755365417
840 1190496814
841 1140337204
842 2754603575
843 1169820221
844 2757208637
845 2755873345
846 2757397061
847 2755455559
848 2621606475
849 1152305746
850 2759666259
851 1147841109
852 2623113813
853 2622163546
854 2250295908
855 2757896810
856 2754685548
857 2755021420
858 2754243189
859 1136691831
860 2756070009
861 1202883196
862 1170942589
863 1136921216
864 2754996873
865 2753964684
866 2754677391
867 2622999185
868 1170827922
869 2755652246
870 1144695455
871 1128819360
872 2756463267
873 1121553062
874 2754792104
875 2756397737
876 1146669736
877 2755685038
878 2755545779
879 1131743930
880 2759428795
881 2754513596
882 2898447035
883 2759215806
884 1124125381
885 2898324166
886 1175644874
887 2757208783
888 1189497561
889 2626472671
890 1178168035
891 1197656824
892 2757454588
893 1141426942
894 2754718465
895 2622409475
896 1197288200
897 2754489101
898 2755898130
899 2734517010
900 1183877910
901 2625350427
902 2758863647
903 2759125792
904 2754145061
905 1180289838
906 2622769968
907 1169468209
908 2625784626
909 2539178803
910 1122224950
911 1162226489
912 1189194555
913 2755218236
914 1141762878
915 2624056127
916 1200343872
917 1186802497
918 2756479808
919 1126329156
920 2755996488
921 2755570506
922 2754095953
923 1132202845
924 1168542559
925 1156238179
926 2755562339
927 1202686821
928 1202662248
929 1162013546
930 2623499118
931 1119923057
932 2622319481
933 2755808122
934 2624678780
935 2755775358
936 1177340799
937 1156688768
938 2606697348
939 1142762373
940 2758814598
941 1168190343
942 2754603912
943 2624113549
944 1182591887
945 1171745684
946 2626685846
947 1132833691
948 2624727967
949 2756643752
950 2622385070
951 1137413041
952 2758634423
953 1182813114
954 1187089339
955 2624449468
956 2754505659
957 2758028224
958 2755267524
959 2758937542
960 1144482763
961 2624416718
962 2758650831
963 1140059087
964 2622942165
965 1137552346
966 1192201180
967 1202777053
968 1170516960
969 2623605732
970 2755922917
971 2758847462
972 2758839271
973 1141689323
974 2756471791
975 1203219439
976 1126517753
977 1200770042
978 2755595259
979 1176128511
980 1180634112
981 1184001023
982 1191513091
983 2759879684
984 2626956293
985 2760518661
986 2755005449
987 2624252937
988 1149545486
989 2532822031
990 1155746833
991 2754014226
992 2755267605
993 2532863000
994 2621590556
995 1136159773
996 2755554338
997 1126288421
998 2754677800
999 1153494057
1000 2754784299
1001 2756029486
1002 2756176944
1003 1175727152
1004 1139297330
1005 1197804595
1006 2754972727
1007 1135668280
1008 2533559355
1009 1179003966
1010 1129385027
1011 2621951043
1012 1177357382
1013 1135602763
1014 2754604112
1015 2756357204
1016 1171090520
1017 2756217952
1018 2754620513
1019 2626964591
1020 2754882675
1021 2755243123
1022 2758700152
1023 2626858106
1024 1199533187
1025 1169828999
1026 2759715976
1027 2757282956
1028 1155648657
1029 1162243218
1030 2538859667
1031 2754669714
1032 1124396182
1033 1123077274
1034 1185688730
1035 2755439778
1036 1200368810
1037 1140657324
1038 2755464364
1039 1140550830
1040 1158589615
1041 1129450674
1042 1143172275
1043 1119898803
1044 1177201845
1045 2756013237
1046 1160432824
1047 1145875641
1048 2623982781
1049 2624597182
1050 2757487807
1051 2539392191
1052 2754161855
1053 2756054205
1054 2757438667
1055 2758880462
1056 1148579024
1057 1126616278
1058 1186057431
1059 1126706392
1060 1162521816
1061 1163988186
1062 2621435095
1063 2754055383
1064 1130695903
1065 2760600803
1066 1194101996
1067 2755136748
1068 1195969780
1069 1136274694
1070 2757397767
1071 1199066382
1072 2757659919
1073 2756267278
1074 2758012180
1075 2756300057
1076 1161424158
1077 2898283810
1078 1120750887
1079 1134505255
1080 2755398953
1081 2623196460
1082 1165815086
1083 1183305007
1084 2755562801
1085 2584161585
1086 2622156088
1087 2754194746
1088 1159482685
1089 1176669504
1090 1148751172
1091 1188965700
1092 2622795077
1093 1180003657
1094 2755390809
1095 2754653529
1096 1170525533
1097 2756406625
1098 2756463973
1099 2760174955
1100 2625637742
1101 2898292078
1102 2754186610
1103 2757119347
1104 1177537908
1105 1182313844
1106 1128394114
1107 2755063170
1108 1203645832
1109 1148841353
1110 1172647307
1111 1159310735
1112 1201491352
1113 1131777435
1114 2755546526
1115 2759331234
1116 2759880100
1117 2755546534
1118 2898193832
1119 2533150121
1120 2759159208
1121 2755169704
1122 2754383286
1123 2758618553
1124 1180552634
1125 1174826432
1126 1145089474
1127 1164971467
1128 1187360205
1129 1166388686
1130 1134267857
1131 2755825106
1132 2755014101
1133 2622156245
1134 2757832149
1135 1172434390
1136 1135455702
1137 2756259286
1138 1172483547
1139 1174359516
1140 1146416605
1141 2755980765
1142 2622016990
1143 2758315489
1144 2754932198
1145 2754883047
1146 1176104424
1147 2606075370
1148 2626293226
1149 2755300848
1150 1186934258
1151 1168666102
1152 2623229432
1153 2622754298
1154 2624556545
1155 2757021190
1156 2624605703
1157 2757406217
1158 1138732554
1159 1160211978
1160 2756308493
1161 2756210197
1162 2623983128
1163 2756537883
1164 2756038177
1165 1152618017
1166 1143279144
1167 1182002732
1168 1194094125
1169 1120693805
1170 2757373485
1171 2754506284
1172 2755464765
1173 2623639103
1174 2755808832
1175 1203039809
1176 2754219587
1177 1190039108
1178 1154297412
1179 1160834642
1180 2757226066
1181 1159769685
1182 1176514135
1183 2622983767
1184 2754031194
1185 1133014621
1186 1134284382
1187 2755325535
1188 1148948064
1189 2898587229
1190 2757979746
1191 2755317347
1192 2756259428
1193 2754219615
1194 2760060527
1195 1131605622
1196 1141157497
1197 2754186878
1198 2755120766
1199 2757348999
1200 1137528458
1201 2753965711
1202 2621869715
1203 2754064019
1204 1168813717
1205 2755784343
1206 2754178716
1207 2627014301
1208 1170173600
1209 1187155619
1210 2758520484
1211 2754211491
1212 2758004393
1213 1159958186
1214 2623819433
1215 2760183467
1216 1181068974
1217 1165225649
1218 1165160117
1219 2756349628
1220 2754539197
1221 1200099006
1222 2534788800
1223 2754514625
1224 1159491267
1225 2760175301
1226 2623057608
1227 2626391755
1228 2755514059
1229 1166184145
1230 1141501652
1231 1162743509
1232 2622099157
1233 1170566876
1234 1186729694
1235 1171345118
1236 2755923679
1237 2624024286
1238 2756210402
1239 1176219363
1240 2755473119
1241 1170788073
1242 1192791786
1243 1178070762
1244 1157631723
1245 2756136685
1246 2757357294
1247 1131589359
1248 2724712181
1249 1170255607
1250 1190350587
1251 1133530880
1252 1152478978
1253 2626686725
1254 2754629382
1255 1152061191
1256 1164963593
1257 1159925514
1258 2754006793
1259 2898267921
1260 1121242901
1261 2754907925
1262 1166315290
1263 1140174619
1264 2755448605
1265 2754563871
1266 1180700458
1267 1143598892
1268 1150299948
1269 1137823534
1270 1196855093
1271 1128132410
1272 2755301181
1273 1190735678
1274 2755202880
1275 2758913856
1276 1124527938
1277 2756841286
1278 1203269447
1279 1145950025
1280 2244759375
1281 2759536463
1282 2757627729
1283 2624843602
1284 2757250901
1285 2606280534
1286 2625859420
1287 2754695005
1288 1159475045
1289 1136783206
1290 1166511975
1291 1138691947
1292 1130524533
1293 2898349943
1294 2754465657
1295 2735173499
1296 1168863100
1297 1193676667
1298 1128894334
1299 2757726080
1300 2754195330
1301 2754588547
1302 2626162568
1303 2625433482
1304 2625908621
1305 1140240273
1306 1148841876
1307 2724687765
1308 2760478614
1309 1133776791
1310 1202990997
1311 2736041878
1312 2755465126
1313 1194749864
1314 1199804331
1315 2754105263
1316 1145597874
1317 2755571638
1318 2760650684
1319 1176326080
1320 2625302465
1321 2756153282
1322 1160818631
1323 2606870472
1324 2735861708
1325 1140961231
1326 1155608529
1327 1181650898
1328 1196339157
1329 1135185882
1330 1167618010
1331 2755514336
1332 2898579424
1333 1180274659
1334 2758995940
1335 2754334691
1336 1162579948
1337 1145073645
1338 2756046829
1339 1152135150
1340 1147236337
1341 2898415601
1342 2758979576
1343 1192038392
1344 2754007032
1345 1190088697
1346 2756014080
1347 1194143745
1348 1152462849
1349 1198780418
1350 2754916356
1351 1143959562
1352 1197584399
1353 1124077590
1354 1196404761
1355 2756071452
1356 1131368478
1357 2735263775
1358 2756227104
1359 2754048035
1360 1180389419
1361 1159024683
1362 2625826859
1363 1180241966
1364 1146687534
1365 2537263150
1366 2755629108
1367 1175089206
1368 2754228287
1369 1170296898
1370 1127845963
1371 2626326608
1372 1174458453
1373 1127419992
1374 2755653720
1375 2756046938
1376 2754990168
1377 2756259932
1378 2756137054
1379 2759110750
1380 2621550688
1381 1143943266
1382 1150832739
1383 1136152680
1384 2727030889
1385 1177825390
1386 2758340722
1387 2754605171
1388 2760380534
1389 2756292727
1390 1144017017
1391 2753974399
1392 1164390529
1393 1199141000
1394 2754506889
1395 2623910026
1396 1157050510
1397 2755702938
1398 2735206555
1399 2623320220
1400 2755768477
1401 1159975077
1402 2626039974
1403 2760020135
1404 1122308263
1405 2624688297
1406 2942832808
1407 2759725227
1408 2754629798
1409 2898604198
1410 2755063974
1411 1179291824
1412 2755858608
1413 2757759156
1414 1162850487
1415 1134031032
1416 1197805753
1417 1160491194
1418 2756415675
1419 2756317370
1420 2898251964
1421 2898333883
1422 2898522303
1423 1158713536
1424 2760724673
1425 1199829186
1426 2754941121
1427 1180070079
1428 2755662029
1429 2755776721
1430 1136496851
1431 1147859159
1432 2755965143
1433 1128239323
1434 2532200668
1435 2754687196
1436 2756882652
1437 2624631009
1438 2736263400
1439 1133859059
1440 1165791477
1441 1173770489
1442 1130451194
1443 1144492286
1444 2760167681
1445 2758512898
1446 2755883267
1447 2754547974
1448 2754720008
1449 2536575242
1450 1151004938
1451 2754040077
1452 1198936338
1453 2898415891
1454 2758381842
1455 1191670040
1456 2758283544
1457 1171689754
1458 2759602461
1459 2754367777
1460 1168175394
1461 2624270627
1462 2757021987
1463 2756014376
1464 1179947304
1465 2755612976
1466 2756129082
1467 2759315770
1468 2753990971
1469 1134440762
1470 2757046586
1471 2755531077
1472 2898522455
1473 1160032607
1474 1164472673
1475 1173393762
1476 2756464993
1477 1136791909
1478 1202196847
1479 1151209843
1480 2754007415
1481 2626580860
1482 1181602175
1483 2755580289
1484 1166799234
1485 1147924868
1486 2623877509
1487 2756579718
1488 2624467333
1489 2734461319
1490 2621821323
1491 1171878286
1492 2754589071
1493 1154077072
1494 2754318744
1495 1193120152
1496 1141821850
1497 2625712539
1498 2754982302
1499 1180971429
1500 2623377831
1501 2756301225
1502 1133392298
1503 1155092908
1504 1123889583
1505 1141854641
1506 2759848371
1507 1126322613
1508 2755817909
1509 1152111034
1510 2736009659
1511 2754294205
1512 2757964222
1513 1175548354
1514 2622034370
1515 1167012292
1516 1131237840
1517 2759193041
1518 1154445780
1519 2754015709
1520 1166922208
1521 2625581541
1522 2754925037
1523 1169379829
1524 2606469623
1525 1157845497
1526 1197584895
1527 2755531268
1528 1192710661
1529 2756858386
1530 1128043032
1531 2755498524
1532 2755154462
1533 2755424799
1534 2898186791
1535 1160737320
1536 2760479278
1537 2624016942
1538 1196552754
1539 1163686456
1540 1152881209
1541 2626753082
1542 2755777083
1543 2755449408
1544 1177686597
1545 1140216390
1546 1135342153
1547 2755940938
1548 1194005070
1549 2754982483
1550 2625909334
1551 2753966680
1552 1128002137
1553 2898596449
1554 2621911652
1555 2756375147
1556 1124356716
1557 1146606187
1558 2622026361
1559 1136800381
1560 2755031677
1561 1177006722
1562 1147769474
1563 2760626818
1564 1182823045
1565 2754687619
1566 2624656010
1567 1187230347
1568 1200222865
1569 1204605585
1570 1163276946
1571 2898326161
1572 1147802263
1573 2622952099
1574 1139274412
1575 1146319540
1576 2621821625
1577 2755343037
1578 1191408319
1579 2760504002
1580 1192555206
1581 2755916492
1582 1123349196
1583 1201746639
1584 1134465752
1585 1174688487
1586 1130566378
1587 1169674987
1588 2754204394
1589 2755785453
1590 1180504816
1591 1154511600
1592 1192710900
1593 2755826420
1594 1162793720
1595 1135538937
1596 2754966267
1597 2754663170
1598 2624205572
1599 2898391823
1600 2759111440
1601 1168306971
1602 1182405406
1603 2755023647
1604 2754253602
1605 1181233964
1606 1187615537
1607 2754089777
1608 1182479155
1609 1138438968
1610 2625663801
1611 2760553273
1612 2624615226
1613 2756391745
1614 1162883905
1615 2736206667
1616 1133523790
1617 2760291156
1618 1190589269
1619 2759168861
1620 2754909024
1621 2754941794
1622 2622911331
1623 1191777124
1624 2755916645
1625 2754188138
1626 2755548015
1627 1168290671
1628 2754073462
1629 2626605953
1630 2625221505
1631 2754057091
1632 2754794370
1633 2755703685
1634 1150440332
1635 2626876303
1636 1204638610
1637 1172886419
1638 2625082262
1639 2756653975
1640 2755646360
1641 2623206305
1642 2622788514
1643 1149416356
1644 1195635621
1645 1137423278
1646 1173836718
1647 1134662578
1648 1181938614
1649 2754859968
1650 1180513217
1651 2756309959
1652 1195013065
1653 2623255502
1654 1124398036
1655 1144845270
1656 1165841369
1657 2756326366
1658 2755253215
1659 1131680737
1660 1135145953
1661 2756113379
1662 2755810281
1663 2624754666
1664 1156338668
1665 2898121709
1666 1173500908
1667 1176450031
1668 2755269626
1669 1193251834
1670 1121227772
1671 1120384002
1672 1149039622
1673 1123496967
1674 2759324680
1675 1139209228
1676 2760733716
1677 1125266456
1678 1196135456
1679 1184527398
1680 1203999783
1681 1127224358
1682 1171035180
1683 2756457517
1684 2624304173
1685 2757030968
1686 2624525371
1687 2735158333
1688 2757719105
1689 1121506370
1690 1143764040
1691 2898375759
1692 2754065492
1693 1139119189
1694 2735428694
1695 1139135573
1696 1168823384
1697 1151161434
1698 2735969372
1699 2756211806
1700 1204606053
1701 1174934631
1702 2754524264
1703 2755564649
1704 2758341742
1705 1121391727
1706 1147409521
1707 1154921601
1708 2607379586
1709 2754966661
1710 1183478919
1711 1124504716
1712 1162450063
1713 1120507025
1714 2758382744
1715 1184699546
1716 1134826652
1717 1192015008
1718 1148204193
1719 1173951661
1720 1186428080
1721 2756711601
1722 1156109491
1723 2756818099
1724 1177171125
1725 2625533110
1726 1142011064
1727 2754442425
1728 1126937784
1729 1186985151
1730 2760029385
1731 1200067787
1732 1203500236
1733 2622723275
1734 2756048078
1735 1156338894
1736 2754868432
1737 2754737367
1738 2759390434
1739 1161835747
1740 2756351210
1741 2754909419
1742 1163343099
1743 2625574140
1744 1129075963
1745 2626663676
1746 2755646719
1747 1161606401
1748 1131590914
1749 2622149892
1750 2626204934
1751 2757408007
1752 2754311432
1753 2757391641
1754 1204557082
1755 1150481691
1756 2755769630
1757 1189713183
1758 2755540263
1759 2622518571
1760 1201788207
1761 1147639090
1762 2755204407
1763 2758038839
1764 2755851575
1765 2754467128
1766 2755786043
1767 2755171650
1768 1145533764
1769 2755368261
1770 1150940485
1771 1160213847
1772 2754245976
1773 2232857946
1774 2626811229
1775 2755253605
1776 2755458412
1777 1196848493
1778 2759718255
1779 2754450808
1780 2754008443
1781 2760332667
1782 2233046399
1783 2625287551
1784 2622739841
1785 2754155910
1786 1159075210
1787 1119712653
1788 1164203406
1789 1188697488
1790 1172534673
1791 1195398546
1792 2755196312
1793 2621920664
1794 1157264799
1795 1131672992
1796 1196619169
1797 2754729378
1798 2756703661
1799 2898326963
1800 1185109434
1801 1141159355
1802 2755499462
1803 1173648842
1804 2755646922
1805 2756531658
1806 2624493010
1807 2624796117
1808 1120728542
1809 1180161503
1810 2624484834
1811 2760422884
1812 2756343272
1813 2760054250
1814 2757670379
1815 1153832427
1816 2755728885
1817 2754213367
1818 2758391288
1819 2760054263
1820 2758505978
1821 2757883387
1822 2754901500
1823 2754999803
1824 2735887863
1825 1139357187
1826 1166923268
1827 2755040779
1828 2756998668
1829 2760775186
1830 1179031060
1831 2754500116
1832 2756613654
1833 2755130900
1834 2755319328
1835 2759652897
1836 1179702818
1837 1194587682
1838 1133745702
1839 2623190570
1840 1171805742
1841 1139922478
1842 2755540534
1843 1173173816
1844 1198274104
1845 2898613818
1846 2754983485
1847 2756318783
1848 2624902720
1849 1144821321
1850 2758506058
1851 1131886155
1852 1191474766
1853 1169806927
1854 1124120142
1855 2758055504
1856 1184151122
1857 2756302420
1858 1175959126
1859 2626098776
1860 1171002971
1861 2898318940
1862 1171945054
1863 2624689758
1864 1175705186
1865 1174091362
1866 1149998698
1867 2754737771
1868 2756384364
1869 2756474477
1870 1198225011
1871 2758276724
1872 2756318837
1873 2754147957
1874 2626115190
1875 2757760628
1876 1132689015
1877 1200543359
1878 2760758913
1879 1144649355
1880 2625361550
1881 2621814418
1882 2625287833
1883 1188402843
1884 1203926687
1885 1194636961
1886 2759366313
1887 2623493804
1888 2758088368
1889 2754795185
1890 1190377140
1891 1172379331
1892 2755188429
1893 1128953550
1894 1193719506
1895 2759235283
1896 2757547734
1897 2623379161
1898 1169258207
1899 1171527391
1900 2756736737
1901 2760718049
1902 2755385061
1903 1136752358
1904 1187862248
1905 1199437547
1906 2754492142
1907 1159272175
1908 2755139312
1909 2626623218
1910 1130985203
1911 1135965941
1912 2754729718
1913 2622674682
1914 2757711612
1915 1168103165
1916 1191630588
1917 2736051969
1918 1194923781
1919 1124964101
1920 2758760200
1921 2621773577
1922 1161983757
1923 2898122509
1924 2757031696
1925 2757695249
1926 2759792403
1927 2754041620
1928 1133508372
1929 1167759125
1930 1156994841
1931 2898384670
1932 1190393634
1933 1163450153
1934 1177515820
1935 1173149485
1936 1140348717
1937 1127323440
1938 2759194417
1939 1197111096
1940 1170044729
1941 1143732025
1942 2622355266
1943 2758358856
1944 2623207248
1945 2756499285
1946 2757048162
1947 1203599204
1948 1182898022
1949 1140684652
1950 2538182508
1951 2623485813
1952 2759014264
1953 1133148025
1954 2755327867
1955 1149327232
1956 1182578561
1957 2755344261
1958 2756114311
1959 2736142216
1960 2626590601
1961 2755590033
1962 1138890651
1963 2754000795
1964 1149794206
1965 1137907615
1966 2754836383
1967 1182750626
1968 1139070884
1969 1200052134
1970 1163163559
1971 1176008616
1972 1179703209
1973 2755458982
1974 2754992040
1975 1197725624
1976 2754353081
1977 2624559037
1978 1167554496
1979 1181194180
1980 2623485896
1981 1150523337
1982 2756859850
1983 1152595915
1984 1143723981
1985 2754639822
1986 2623715279
1987 1119369170
1988 2626467794
1989 1161181142
1990 1195800536
1991 1201272792
1992 1156437979
1993 2756130781
1994 2759751646
1995 2760587233
1996 1121720292
1997 2754336750
1998 1131091954
1999 1178744818
2000 2756286454
2001 2756892666
2002 2753968123
2003 1156749314
2004 1135237122
2005 2898409477
2006 1189246982
2007 2760652811
2008 2740279309
2009 1203869711
2010 1166178324
2011 1204434967
2012 2754050073
2013 2754410523
2014 2754590749
2015 2623019038
2016 2626902047
2017 2754197539
2018 2760644646
2019 2756524076
2020 2754238509
2021 1145706541
2022 1142642735
2023 1141405744
2024 1191753779
2025 2625968183
2026 1164253245
2027 2623002688
2028 1185151044
2029 2754459719
2030 1124055115
2031 2757793869
2032 1154283601
2033 2759120980
2034 1148975191
2035 2626590808
2036 1165293657
2037 1178327129
2038 2758465625
2039 1161697372
2040 2754869338
2041 1176901727
2042 1161500769
2043 1144674403
2044 1177843814
2045 1178622071
2046 1194858622
2047 1168046211
2048 1190910084
2049 2754803852
2050 1179408524
2051 2754893966
2052 2758514832
2053 2755737745
2054 1144363157
2055 1190607000
2056 1187330200
2057 2898139291
2058 1164286107
2059 2756868253
2060 2754893992
2061 2753968298
2062 2756106411
2063 1152899250
2064 2625378482
2065 1171708086
2066 2756630716
2067 1185773761
2068 1199667400
2069 2626279626
2070 2758760650
2071 2754009293
2072 1148385487
2073 1196153040
2074 2754123984
2075 2757662932
2076 2759907546
2077 1141913819
2078 2755164381
2079 2754451680
2080 1202813157
2081 2754386153
2082 1187420394
2083 1159477486
2084 2625272051
2085 2623715577
2086 1202305278
2087 2754574592
2088 1132255490
2089 1166235906
2090 2621683974
2091 1198471430
2092 1134663949
2093 1126660374
2094 2759309592
2095 2760497433
2096 2623068444
2097 2754451753
2098 1190910256
2099 1189460273
2100 2755647793
2101 1180629300
2102 1135638846
2103 2757237056
2104 1175198016
2105 1200240976
2106 2625263954
2107 1131534676
2108 2754148693
2109 1164310870
2110 1133222229
2111 1200494941
2112 2624985437
2113 2760407404
2114 2759309680
2115 1169373553
2116 2625337722
2117 2754648445
2118 1137547646
2119 1142512000
2120 2755582339
2121 2754124166
2122 2754378120
2123 1137850760
2124 2756254088
2125 1150269835
2126 1153382799
2127 1131665807
2128 1188739475
2129 2755746195
2130 2755467670
2131 2755271064
2132 2755934618
2133 1131239835
2134 2759285150
2135 1152661919
2136 1160919455
2137 2755320226
2138 1189509541
2139 1177622950
2140 2760079786
2141 2625190319
2142 2760538550
2143 1171036599
2144 2734717369
2145 2758433210
2146 2755828165
2147 2756860364
2148 1151146444
2149 1165285842
2150 2757138900
2151 1143871959
2152 1177287137
2153 2759121377
2154 2734430690
2155 1141029349
2156 2627017190
2157 1199552999
2158 1129429480
2159 2759539177
2160 2754501097
2161 1195874795
2162 2626107884
2163 1137793517
2164 2622396909
2165 1191598575
2166 1158388210
2167 1203927539
2168 2754583030
2169 2755017206
2170 2756950526
2171 1163360771
2172 2754673160
2173 2626910729
2174 2760555016
2175 2757261842
2176 2755369491
2177 2760006162
2178 2755328534
2179 1124751898
2180 1175443996
2181 2754877983
2182 2754968098
2183 1188420132
2184 1138915878
2185 1140070953
2186 2755951145
2187 2756336174
2188 2757777968
2189 2734643773
2190 2753976897
2191 2758613574
2192 1199774281
2193 1165826640
2194 2758023765
2195 1132567130
2196 2624199261
2197 2537396833
2198 2754271847
2199 2756196968
2200 2756377198
2201 1136212596
2202 2755549812
2203 1191926394
2204 1149655676
2205 2625854078
2206 1156233856
2207 1158363782
2208 1140316807
2209 2754050703
2210 2898475680
2211 1174485665
2212 2757548706
2213 1150368419
2214 2760383138
2215 2756393639
2216 1152604843
2217 1190386347
2218 1152899768
2219 2755410616
2220 1142119102
2221 1134066369
2222 1144830660
2223 1180801733
2224 2754001604
2225 2622421702
2226 1180605136
2227 1180547793
2228 1134271186
2229 2898320085
2230 2624723671
2231 1192655580
2232 1191009003
2233 1180629740
2234 2755918571
2235 1156741871
2236 2755861240
2237 2760399610
2238 2625108733
2239 2754444030
2240 1146600191
2241 2754927362
2242 2760325892
2243 2625747718
2244 1132231445
2245 2754640668
2246 2756090654
2247 2755205920
2248 2759899939
2249 2625903401
2250 2755640107
2251 1191172908
2252 2757655342
2253 2754403119
2254 1122073392
2255 1173986096
2256 1171151666
2257 2754091824
2258 2754624328
2259 2760694600
2260 1159723860
2261 2755812183
2262 2759400282
2263 1165622107
2264 1152105309
2265 2757393251
2266 2758802275
2267 2760694632
2268 2755328878
2269 2625125232
2270 2754141040
2271 2625551219
2272 1127078782
2273 1174403976
2274 1123621769
2275 2754493320
2276 2754870155
2277 2754362256
2278 2754747283
2279 1204255636
2280 2756443028
2281 2754091926
2282 1148050328
2283 1163279258
2284 1127979935
2285 2754829220
2286 2759465893
2287 2626861990
2288 2757049256
2289 2754034604
2290 1184914352
2291 2755279793
2292 2756058035
2293 1120869304
2294 2758253502
2295 2735422400
2296 1187904452
2297 1200413642
2298 1127586763
2299 2754206675
2300 1184553942
2301 1148910551
2302 2755386329
2303 1196268508
2304 2758548447
2305 1181711330
2306 2759506917
2307 1167145961
2308 1162361837
2309 2754010095
2310 1164975091
2311 1175927799
2312 2754632699
2313 1202207742
2314 2754362366
2315 2622692353
2316 2758138882
2317 2755255298
2318 2755181575
2319 1176361994
2320 1131576334
2321 2755247119
2322 1189575698
2323 2756320274
2324 1193622546
2325 2754698265
2326 2760432666
2327 2757139483
2328 1119484956
2329 2756885533
2330 1198144544
2331 2754223137
2332 1123908652
2333 1184750640
2334 1129724978
2335 1129667634
2336 2754919474
2337 2754059319
2338 2898385977
2339 1172683839
2340 1168669760
2341 1124547647
2342 1200979010
2343 1137187906
2344 2756271167
2345 1173322821
2346 2759326790
2347 1169202245
2348 2755697733
2349 1184619595
2350 2759564365
2351 2754821197
2352 2754395219
2353 2623151190
2354 1125350492
2355 1180662882
2356 1196883058
2357 2627083385
2358 2754002042
2359 1122827389
2360 2626264198
2361 2624240781
2362 2622340237
2363 1184898191
2364 1127267470
2365 2621799570
2366 1165196434
2367 2754534549
2368 2754862230
2369 1182252188
2370 2626862238
2371 1126579363
2372 2754690216
2373 2898410669
2374 2755402930
2375 2760662195
2376 2755386546
2377 1178942644
2378 2898361526
2379 1155939510
2380 2754141368
2381 1152171191
2382 2625371321
2383 2755820735
2384 2754706624
2385 1137827009
2386 1162239172
2387 1125063881
2388 2755353801
2389 2626575568
2390 1165458643
2391 2624183508
2392 1145183445
2393 2757131477
2394 2755247319
2395 1180646617
2396 1193254108
2397 2755460317
2398 2533620957
2399 2754985184
2400 1163902177
2401 2755927266
2402 2755722469
2403 2756525286
2404 1131420910
2405 2898296047
2406 1179671792
2407 2754387185
2408 2754419958
2409 2622668024
2410 1146486009
2411 1142381819
2412 1193065725
2413 1145019647
2414 2622266624
2415 1121344769
2416 2755198207
2417 1189903623
2418 1169227017
2419 2757360906
2420 1130446098
2421 1194851604
2422 2625363221
2423 2756017433
2424 1169489181
2425 1175805213
2426 1188756767
2427 2757016865
2428 2622962978
2429 2626551074
2430 1121623334
2431 1130347816
2432 1185914153
2433 2754526506
2434 2759933227
2435 1187855658
2436 2755058989
2437 2626608430
2438 1158167855
2439 1186381103
2440 2626641194
2441 2758180150
2442 2755026231
2443 1182309694
2444 2756369731
2445 2623921479
2446 1132363081
2447 1162100051
2448 2754903391
2449 1201175904
2450 2624544097
2451 1175428454
2452 2626018664
2453 2755550570
2454 1181023599
2455 1145175409
2456 1128447352
2457 2758630778
2458 1156586875
2459 2756386172
2460 1130478978
2461 2623798665
2462 1201110412
2463 2898312595
2464 2760588692
2465 2759122327
2466 1130053016
2467 2898386331
2468 2754346395
2469 1132256673
2470 1171774888
2471 1161567657
2472 2754846123
2473 2754387375
2474 2625527217
2475 2626223542
2476 1168170433
2477 2626223554
2478 2537594308
2479 2755272137
2480 1136631244
2481 1123704270
2482 2755009998
2483 1174248916
2484 1127325140
2485 2756222420
2486 2756132311
2487 2625027540
2488 1164762582
2489 1136074208
2490 2758270434
2491 2754723299
2492 1134599651
2493 1139686887
2494 1154039276
2495 2754330098
2496 2706111989
2497 2758893050
2498 2625723899
2499 1179205117
2500 1129078273
2501 2754493959
2502 1156210184
2503 1145863690
2504 2625625620
2505 1122418201
2506 2624314910
2507 1122647587
2508 2754387498
2509 2756075054
2510 1191550517
2511 2757623351
2512 1121181248
2513 1119649345
2514 1147985475
2515 2754649669
2516 2754805320
2517 2734620238
2518 2622168657
2519 1183252050
2520 1200750167
2521 1181892187
2522 2626428507
2523 1187544676
2524 2755247719
2525 1196277353
2526 2754731631
2527 1201479284
2528 1148878455
2529 1150099070
2530 2758753921
2531 1165606533
2532 1157881478
2533 2898181768
2534 1189445257
2535 1195359883
2536 2757967502
2537 2756050579
2538 1194409624
2539 1160240792
2540 1188462236
2541 2755632800
2542 1160896163
2543 2757484200
2544 1163280044
2545 1198423724
2546 1135705775
2547 2243649203
2548 2754698934
2549 2759655097
2550 1129512635
2551 2755837632
2552 1192664773
2553 1128095430
2554 1132781256
2555 1203986124
2556 2755747537
2557 1131830996
2558 2623987413
2559 1127759574
2560 2758541019
2561 2756353761
2562 2622676706
2563 1123581667
2564 2754436836
2565 1193787109
2566 2758811364
2567 1153195752
2568 2757377769
2569 2898296554
2570 1187331819
2571 2754428651
2572 2754780913
2573 1135681269
2574 1121713910
2575 1137516283
2576 2753994491
2577 2625969915
2578 1156693759
2579 2623135487
2580 1154006786
2581 2756411138
2582 1192804102
2583 2754895623
2584 2756230929
2585 2898566932
2586 1161772829
2587 2754862880
2588 1179008804
2589 1169202981
2590 2754223910
2591 1169989417
2592 2898476843
2593 2755985202
2594 1134706482
2595 1151131449
2596 1173741378
2597 1165958984
2598 2754658123
2599 1134804816
2600 2758852442
2601 1161805661
2602 2758803293
2603 2754404193
2604 2754494305
2605 2755239779
2606 2758811511
2607 1198899066
2608 2621595515
2609 2754133892
2610 2756099974
2611 2755338119
2612 1171922823
2613 1201766282
2614 1143160721
2615 1192165265
2616 1120608147
2617 2757279635
2618 2623119252
2619 1125048215
2620 1147707288
2621 1198129048
2622 1155137438
2623 1140490152
2624 2624847785
2625 2622029738
2626 1183637428
2627 1199079348
2628 1172021174
2629 2760351671
2630 2754879417
2631 2898575290
2632 2758066107
2633 1203052477
2634 2757320638
2635 2622930878
2636 2756714439
2637 2755223497
2638 1179516875
2639 2755198924
2640 2622554062
2641 2755567571
2642 1186529236
2643 2754330587
2644 1151115230
2645 2755190754
2646 2623692773
2647 2754756584
2648 2759155708
