0 0
1 1
2 2
3 1010
3 3
4 4
5 193
5 5
6 6
7 3277
7 7
8 997
8 8
9 1293
9 808
9 9
10 10
11 11
12 2645
12 1813
12 12
13 1824
13 13
14 3074
14 1246
14 145
14 14
15 15
16 16
17 2333
17 2133
17 17
18 18
19 19
20 1064
20 20
21 21
22 2736
22 2358
22 22
23 349
23 23
24 24
25 369
25 25
26 445
26 26
27 1458
27 27
28 28
29 2274
29 1287
29 29
30 202
30 108
30 30
31 2112
31 31
32 98
32 32
33 3437
33 3266
33 3234
33 3030
33 2939
33 2619
33 1601
33 319
33 149
33 36
33 33
34 1416
34 1390
34 1256
34 883
34 220
34 34
35 35
36 3437
36 3266
36 3234
36 3030
36 2939
36 2619
36 1601
36 319
36 149
36 36
36 33
37 2997
37 2335
37 2171
37 37
38 38
39 39
40 2643
40 1194
40 999
40 40
41 3324
41 282
41 41
42 3282
42 2954
42 2770
42 2527
42 2239
42 1914
42 1719
42 1306
42 974
42 802
42 70
42 42
43 2508
43 619
43 204
43 43
44 1602
44 44
45 45
46 46
47 47
48 48
49 535
49 49
50 2989
50 2976
50 2170
50 2079
50 418
50 50
51 51
52 52
53 1410
53 405
53 53
54 54
55 3126
55 55
56 56
57 57
58 58
59 3187
59 2541
59 2528
59 1237
59 59
60 60
61 3016
61 1603
61 583
61 61
62 3060
62 872
62 573
62 62
63 3245
63 484
63 63
64 2267
64 2155
64 64
65 3381
65 65
66 2831
66 2059
66 287
66 66
67 727
67 702
67 67
68 68
69 2836
69 2792
69 1715
69 77
69 69
70 3282
70 2954
70 2770
70 2527
70 2239
70 1914
70 1719
70 1306
70 974
70 802
70 70
70 42
71 71
72 2492
72 72
73 3191
73 73
74 378
74 74
75 75
76 76
77 2792
77 1715
77 77
77 69
78 78
79 3418
79 3120
79 2493
79 79
80 80
81 81
82 2224
82 82
83 1361
83 83
84 84
85 85
86 86
87 2818
87 2440
87 2198
87 1636
87 451
87 158
87 87
88 88
89 1507
89 89
90 3106
90 2496
90 2187
90 2087
90 90
91 3441
91 91
92 2600
92 503
92 92
93 3470
93 2260
93 497
93 93
94 94
95 2628
95 2195
95 1259
95 95
96 3418
96 2777
96 96
97 97
98 98
98 32
99 99
100 100
101 101
102 3349
102 3298
102 661
102 102
103 103
104 3386
104 2099
104 1682
104 104
105 2658
105 2514
105 2074
105 1368
105 407
105 105
106 3168
106 835
106 106
107 2338
107 107
108 202
108 108
108 30
109 109
110 110
111 111
112 2141
112 1337
112 213
112 112
113 3462
113 585
113 113
114 2466
114 1661
114 1338
114 114
115 1465
115 920
115 127
115 115
116 116
117 3353
117 117
118 118
119 2438
119 119
120 120
121 1593
121 121
122 122
123 1992
123 123
124 124
125 125
126 1800
126 126
127 1465
127 920
127 127
127 115
128 2748
128 128
129 2824
129 1254
129 552
129 129
130 130
131 131
132 2223
132 495
132 132
133 2523
133 133
134 2617
134 2151
134 1258
134 134
135 135
136 136
137 1621
137 137
138 138
139 139
140 140
141 141
142 2858
142 2245
142 2106
142 1543
142 949
142 756
142 142
143 248
143 183
143 143
144 2671
144 1786
144 1450
144 1309
144 1271
144 492
144 280
144 144
145 3074
145 1246
145 145
145 14
146 146
147 147
148 148
149 3437
149 3266
149 3234
149 3030
149 2939
149 2619
149 1601
149 319
149 149
149 36
149 33
150 150
151 2927
151 2791
151 2704
151 2653
151 1885
151 1746
151 1521
151 1514
151 1107
151 812
151 151
152 1220
152 696
152 152
153 153
154 185
154 154
155 1698
155 857
155 329
155 155
156 156
157 2513
157 1289
157 672
157 157
158 2818
158 2440
158 2198
158 1636
158 451
158 158
158 87
159 159
160 160
161 161
162 3491
162 162
163 804
163 163
164 164
165 3346
165 3325
165 2253
165 2220
165 2194
165 1520
165 1444
165 1177
165 387
165 165
166 166
167 1663
167 1025
167 167
168 3117
168 1563
168 1311
168 168
169 1582
169 505
169 455
169 169
170 170
171 3103
171 171
172 172
173 785
173 603
173 173
174 2263
174 2196
174 1849
174 174
175 175
176 176
177 177
178 178
179 3442
179 720
179 660
179 179
180 3321
180 1714
180 1641
180 953
180 944
180 180
181 181
182 182
183 248
183 183
183 143
184 184
185 185
185 154
186 2923
186 424
186 186
187 187
188 2065
188 188
189 189
190 190
191 432
191 191
192 1192
192 192
193 193
193 5
194 1873
194 1166
194 194
195 3421
195 195
196 196
197 197
198 198
199 199
200 200
201 2953
201 201
202 202
202 108
202 30
203 3242
203 1660
203 203
204 2508
204 619
204 204
204 43
205 205
206 206
207 207
208 208
209 209
210 2232
210 931
210 787
210 210
211 2656
211 211
212 212
213 2141
213 1337
213 213
213 112
214 1215
214 214
215 2449
215 215
216 216
217 217
218 2841
218 2055
218 1075
218 218
219 219
220 1416
220 1390
220 1256
220 883
220 220
220 34
221 2970
221 1493
221 221
222 222
223 2031
223 223
224 3116
224 224
225 2015
225 225
226 2026
226 226
227 227
228 2491
228 228
229 229
230 230
231 231
232 232
233 1235
233 233
234 234
235 1133
235 784
235 566
235 235
236 236
237 2945
237 2790
237 2550
237 2202
237 2046
237 1561
237 1529
237 1025
237 814
237 237
238 3096
238 2918
238 2875
238 896
238 298
238 238
239 239
240 240
241 3430
241 241
242 1230
242 242
243 3432
243 2912
243 2750
243 2731
243 941
243 243
244 244
245 1984
245 459
245 245
246 2571
246 246
247 247
248 248
248 183
248 143
249 249
250 250
251 670
251 251
252 1807
252 252
253 1898
253 253
254 1129
254 254
255 2023
255 2021
255 456
255 255
256 2470
256 1433
256 1109
256 793
256 256
257 257
258 2941
258 2119
258 258
259 2675
259 259
260 1742
260 1169
260 260
261 2755
261 913
261 493
261 261
262 262
263 671
263 263
264 264
265 265
266 3018
266 2383
266 266
267 267
268 3435
268 2845
268 1574
268 447
268 268
269 2569
269 269
270 593
270 489
270 270
271 2977
271 1283
271 271
272 272
273 3342
273 3153
273 2325
273 1924
273 1749
273 1216
273 994
273 273
274 274
275 2548
275 1539
275 1307
275 1016
275 642
275 410
275 275
276 1032
276 276
277 2085
277 277
278 2563
278 2497
278 278
279 1305
279 506
279 279
280 2671
280 1786
280 1450
280 1309
280 1271
280 492
280 280
280 144
281 281
282 3324
282 282
282 41
283 283
284 284
285 2319
285 516
285 465
285 285
286 1513
286 830
286 286
287 2831
287 2059
287 287
287 66
288 3305
288 2850
288 1537
288 1095
288 288
289 2591
289 289
290 2960
290 766
290 290
291 966
291 291
292 3257
292 3017
292 1319
292 662
292 292
293 2389
293 293
294 294
295 295
296 296
297 3467
297 297
298 3096
298 2918
298 2875
298 896
298 298
298 238
299 1948
299 345
299 299
300 300
301 301
302 2853
302 2594
302 446
302 302
303 303
304 304
305 305
306 1509
306 306
307 307
308 308
309 2510
309 1370
309 1162
309 579
309 309
310 1594
310 1489
310 310
311 311
312 3419
312 1142
312 312
313 3460
313 2856
313 2552
313 2481
313 1278
313 1220
313 1153
313 864
313 760
313 313
314 314
315 3417
315 2556
315 315
316 316
317 317
318 318
319 3437
319 3266
319 3234
319 3030
319 2939
319 2619
319 1601
319 319
319 149
319 36
319 33
320 2411
320 2153
320 320
321 321
322 322
323 323
324 324
325 2932
325 325
326 1727
326 326
327 327
328 1900
328 328
329 1698
329 857
329 329
329 155
330 3165
330 2118
330 1732
330 608
330 453
330 330
331 3251
331 3218
331 3094
331 2815
331 2703
331 2593
331 2507
331 2353
331 1861
331 331
332 332
333 333
334 334
335 335
336 2627
336 336
337 1002
337 337
338 338
339 339
340 2080
340 340
341 341
342 342
343 343
344 3263
344 828
344 729
344 344
345 1948
345 345
345 299
346 1944
346 346
347 2801
347 347
348 348
349 349
349 23
350 3334
350 2921
350 2908
350 514
350 413
350 350
351 3332
351 1470
351 769
351 695
351 351
352 3459
352 2778
352 352
353 353
354 354
355 355
356 1723
356 356
357 357
358 358
359 359
360 3404
360 3354
360 360
361 915
361 361
362 362
363 363
364 364
365 365
366 366
367 815
367 367
368 3426
368 3236
368 3189
368 3025
368 2713
368 2166
368 1497
368 1158
368 1025
368 368
369 369
369 25
370 370
371 371
372 372
373 373
374 3008
374 2225
374 374
375 3061
375 3056
375 2192
375 2143
375 1253
375 375
376 376
377 377
378 378
378 74
379 379
380 2907
380 380
381 381
382 382
383 3293
383 383
384 384
385 2479
385 385
386 3053
386 386
387 3346
387 3325
387 2253
387 2220
387 2194
387 1520
387 1444
387 1177
387 387
387 165
388 388
389 389
390 1386
390 728
390 390
391 2303
391 391
392 2159
392 392
393 740
393 545
393 393
394 394
395 3413
395 395
396 396
397 748
397 2806
397 2321
397 1671
397 547
397 397
398 398
399 2930
399 2562
399 2083
399 399
400 2043
400 646
400 400
401 401
402 402
403 403
404 404
405 1410
405 405
405 53
406 3176
406 2134
406 1883
406 990
406 561
406 406
407 2658
407 2514
407 2074
407 1368
407 407
407 105
408 408
409 409
410 2548
410 1539
410 1307
410 1016
410 642
410 410
410 275
411 411
412 412
413 3334
413 2921
413 2908
413 514
413 413
413 350
414 414
415 2512
415 964
415 764
415 415
416 2071
416 416
417 3024
417 1115
417 417
418 2989
418 2976
418 2170
418 2079
418 418
418 50
419 2100
419 1615
419 419
420 420
421 421
422 2789
422 422
423 1200
423 899
423 423
424 2923
424 424
424 186
425 975
425 425
426 426
427 427
428 428
429 2306
429 1461
429 429
430 1714
430 430
431 431
432 432
432 191
433 433
434 434
435 3134
435 435
436 2178
436 436
437 1796
437 996
437 437
438 438
439 3047
439 2851
439 1624
439 439
440 440
441 441
442 442
443 2313
443 443
444 444
445 445
445 26
446 2853
446 2594
446 446
446 302
447 3435
447 2845
447 1574
447 447
447 268
448 448
449 3304
449 1302
449 449
450 450
451 2818
451 2440
451 2198
451 1636
451 451
451 158
451 87
452 1068
452 452
453 3165
453 2118
453 1732
453 608
453 453
453 330
454 1548
454 454
455 1582
455 505
455 455
455 169
456 2023
456 2021
456 456
456 255
457 457
458 2961
458 2652
458 2509
458 2308
458 458
459 1984
459 459
459 245
460 460
461 1836
461 1607
461 1581
461 461
462 462
463 2937
463 2114
463 780
463 463
464 1483
464 1263
464 1238
464 464
465 2319
465 516
465 465
465 285
466 2906
466 2326
466 2036
466 1310
466 1144
466 466
467 467
468 468
469 3461
469 2588
469 469
470 1677
470 470
471 2693
471 2297
471 1833
471 1044
471 1006
471 471
472 472
473 473
474 474
475 3409
475 475
476 476
477 2968
477 2017
477 1954
477 1586
477 477
478 3196
478 2929
478 2521
478 486
478 478
479 2602
479 2176
479 1480
479 1126
479 512
479 479
480 1769
480 791
480 480
481 481
482 482
483 483
484 3245
484 484
484 63
485 485
486 3196
486 2929
486 2521
486 486
486 478
487 487
488 488
489 593
489 489
489 270
490 1040
490 490
491 491
492 2671
492 1786
492 1450
492 1309
492 1271
492 492
492 280
492 144
493 2755
493 913
493 493
493 261
494 494
495 2223
495 495
495 132
496 3182
496 1716
496 1464
496 496
497 3470
497 2260
497 497
497 93
498 498
499 3111
499 2687
499 1292
499 499
500 500
501 2796
501 2196
501 501
502 2426
502 502
503 2600
503 503
503 92
504 504
505 1582
505 505
505 455
505 169
506 1305
506 506
506 279
507 1542
507 558
507 507
508 2075
508 508
509 3472
509 3120
509 509
510 1855
510 510
511 3035
511 2683
511 2197
511 511
512 2602
512 2176
512 1480
512 1126
512 512
512 479
513 2476
513 513
514 3334
514 2921
514 2908
514 514
514 413
514 350
515 515
516 2319
516 516
516 465
516 285
517 1111
517 517
518 518
519 519
520 520
521 521
522 1412
522 836
522 605
522 522
523 2487
523 523
524 524
525 917
525 525
526 2461
526 526
527 1851
527 527
528 528
529 529
530 530
531 3330
531 531
532 532
533 533
534 2240
534 629
534 534
535 535
535 49
536 536
537 537
538 538
539 539
540 540
541 541
542 542
543 3366
543 1106
543 543
544 544
545 740
545 545
545 393
546 2774
546 2530
546 2396
546 546
547 2806
547 2321
547 1671
547 547
547 397
548 1225
548 548
549 2886
549 1679
549 560
549 549
550 550
551 3099
551 551
552 2824
552 1254
552 552
552 129
553 553
554 554
555 2936
555 2599
555 1341
555 1086
555 679
555 596
555 555
556 556
557 1862
557 557
558 1542
558 558
558 507
559 559
560 2886
560 1679
560 560
560 549
561 3176
561 2134
561 1883
561 990
561 561
561 406
562 562
563 563
564 1949
564 1492
564 564
565 565
566 1133
566 784
566 566
566 235
567 3178
567 2795
567 1811
567 1804
567 1188
567 1150
567 879
567 567
568 568
569 1805
569 1025
569 569
570 570
571 571
572 1668
572 572
573 3060
573 872
573 573
573 62
574 2391
574 1757
574 574
575 575
576 576
577 577
578 2739
578 578
579 2510
579 1370
579 1162
579 579
579 309
580 3114
580 580
581 581
582 582
583 3016
583 1603
583 583
583 61
584 2532
584 584
585 3462
585 585
585 113
586 586
587 587
588 588
589 1904
589 1626
589 1347
589 825
589 822
589 589
590 590
591 2181
591 1788
591 591
592 592
593 593
593 489
593 270
594 594
595 595
596 2936
596 2599
596 1341
596 1086
596 679
596 596
596 555
597 597
598 598
599 599
600 600
601 601
602 602
603 785
603 603
603 173
604 2312
604 604
605 1412
605 836
605 605
605 522
606 3233
606 3172
606 973
606 606
607 607
608 3165
608 2118
608 1732
608 608
608 453
608 330
609 1717
609 609
610 2698
610 1282
610 1098
610 610
611 611
612 612
613 613
614 3301
614 2183
614 2001
614 1821
614 1606
614 614
615 3360
615 615
616 616
617 2699
617 617
618 618
619 2508
619 619
619 204
619 43
620 620
621 621
622 622
623 623
624 624
625 1351
625 625
626 3476
626 967
626 626
627 627
628 628
629 2240
629 629
629 534
630 2435
630 630
631 631
632 632
633 633
634 2429
634 1491
634 1269
634 634
635 1381
635 635
636 636
637 637
638 2401
638 638
639 927
639 639
640 1339
640 640
641 641
642 2548
642 1539
642 1307
642 1016
642 642
642 410
642 275
643 643
644 644
645 645
646 2043
646 646
646 400
647 647
648 648
649 3453
649 805
649 649
650 2959
650 1646
650 650
651 1842
651 651
652 652
653 653
654 654
655 655
656 656
657 657
658 2290
658 1772
658 658
659 659
660 3442
660 720
660 660
660 179
661 3349
661 3298
661 661
661 102
662 3257
662 3017
662 1319
662 662
662 292
663 2057
663 1007
663 663
664 664
665 665
666 1584
666 666
667 3489
667 3065
667 2785
667 2164
667 2096
667 1678
667 845
667 667
668 668
669 669
670 670
670 251
671 671
671 263
672 2513
672 1289
672 672
672 157
673 673
674 3223
674 2700
674 1963
674 1545
674 674
675 1072
675 928
675 675
676 676
677 677
678 826
678 678
679 2936
679 2599
679 1341
679 1086
679 679
679 596
679 555
680 680
681 3230
681 2775
681 2238
681 681
682 2499
682 682
683 683
684 684
685 1938
685 1316
685 685
686 847
686 686
687 1961
687 687
688 688
689 689
690 690
691 691
692 3377
692 1797
692 1484
692 1429
692 1297
692 692
693 693
694 694
695 3332
695 1470
695 769
695 695
695 351
696 1220
696 696
696 152
697 697
698 3302
698 2981
698 2623
698 2608
698 2566
698 698
699 699
700 700
701 2814
701 701
702 727
702 702
702 67
703 2165
703 1810
703 703
704 704
705 705
706 706
707 707
708 1870
708 708
709 3315
709 2919
709 709
710 2951
710 2741
710 710
711 711
712 2810
712 1972
712 1523
712 712
713 2843
713 1246
713 713
714 2403
714 714
715 715
716 716
717 2444
717 717
718 1279
718 718
719 719
720 3442
720 720
720 660
720 179
721 2734
721 721
722 1245
722 722
723 723
724 724
725 725
726 2233
726 2156
726 1167
726 726
727 727
727 702
727 67
728 1386
728 728
728 390
729 3263
729 828
729 729
729 344
730 1776
730 730
731 731
732 1793
732 732
733 2772
733 733
734 1354
734 734
735 2323
735 930
735 735
736 736
737 737
738 2839
738 738
739 2249
739 739
740 740
740 545
740 393
741 741
742 742
743 2452
743 1568
743 1476
743 983
743 743
744 2803
744 2062
744 744
745 745
746 2356
746 746
747 2752
747 747
748 748
748 397
749 749
750 750
751 751
752 752
753 2276
753 753
754 754
755 755
756 2858
756 2245
756 2106
756 1543
756 949
756 756
756 142
757 880
757 757
758 758
759 1081
759 759
760 3460
760 2856
760 2552
760 2481
760 1278
760 1220
760 1153
760 864
760 760
760 313
761 761
762 762
763 763
764 2512
764 964
764 764
764 415
765 765
766 2960
766 766
766 290
767 767
768 2547
768 768
769 3332
769 1470
769 769
769 695
769 351
770 1960
770 770
771 771
772 772
773 2903
773 2902
773 773
774 774
775 775
776 776
777 2800
777 2236
777 2035
777 777
778 2138
778 778
779 3481
779 1652
779 779
780 2937
780 2114
780 780
780 463
781 2056
781 781
782 2373
782 1046
782 958
782 782
783 783
784 1133
784 784
784 566
784 235
785 785
785 603
785 173
786 1937
786 1149
786 786
787 2232
787 931
787 787
787 210
788 2958
788 1752
788 788
789 789
790 2813
790 790
791 1769
791 791
791 480
792 2857
792 792
793 2470
793 1433
793 1109
793 793
793 256
794 794
795 795
796 796
797 3313
797 2061
797 1140
797 797
798 2928
798 2069
798 798
799 3212
799 2207
799 2052
799 799
800 800
801 3383
801 801
802 3282
802 2954
802 2770
802 2527
802 2239
802 1914
802 1719
802 1306
802 974
802 802
802 70
802 42
803 803
804 804
804 163
805 3453
805 805
805 649
806 806
807 807
808 1293
808 808
808 9
809 809
810 810
811 2468
811 1401
811 811
812 2927
812 2791
812 2704
812 2653
812 1885
812 1746
812 1521
812 1514
812 1107
812 812
812 151
813 813
814 2945
814 2790
814 2550
814 2202
814 2046
814 1561
814 1529
814 1025
814 814
814 237
815 815
815 367
816 816
817 817
818 818
819 1348
819 819
820 820
821 821
822 1904
822 1626
822 1347
822 825
822 822
822 589
823 823
824 824
825 1904
825 1626
825 1347
825 825
825 822
825 589
826 826
826 678
827 827
828 3263
828 828
828 729
828 344
829 829
830 1513
830 830
830 286
831 3451
831 2972
831 1639
831 1345
831 977
831 831
832 832
833 833
834 834
835 3168
835 835
835 106
836 1412
836 836
836 605
836 522
837 837
838 838
839 3039
839 839
840 840
841 841
842 1841
842 842
843 843
844 1205
844 844
845 3489
845 3065
845 2785
845 2164
845 2096
845 1678
845 845
845 667
846 846
847 847
847 686
848 3127
848 848
849 849
850 3013
850 1787
850 1538
850 894
850 850
851 851
852 2399
852 1887
852 1473
852 3071
852 852
853 1905
853 853
854 854
855 855
856 856
857 1698
857 857
857 329
857 155
858 858
859 1053
859 859
860 2305
860 1766
860 860
861 861
862 1395
862 862
863 863
864 3460
864 2856
864 2552
864 2481
864 1278
864 1220
864 1153
864 864
864 760
864 313
865 865
866 3297
866 866
867 3033
867 1009
867 867
868 868
869 869
870 870
871 871
872 3060
872 872
872 573
872 62
873 873
874 3095
874 874
875 875
876 876
877 2179
877 877
878 2793
878 2144
878 878
879 3178
879 2795
879 1811
879 1804
879 1188
879 1150
879 879
879 567
880 880
880 757
881 1161
881 881
882 2962
882 1241
882 882
883 1416
883 1390
883 1256
883 883
883 220
883 34
884 2691
884 1955
884 884
885 885
886 886
887 887
888 888
889 889
890 890
891 891
892 892
893 893
894 3013
894 1787
894 1538
894 894
894 850
895 1872
895 895
896 3096
896 2918
896 2875
896 896
896 298
896 238
897 897
898 898
899 1200
899 899
899 423
900 3063
900 2517
900 2425
900 2261
900 1859
900 1820
900 1773
900 1004
900 900
901 901
902 2286
902 902
903 903
904 904
905 905
906 906
907 907
908 908
909 909
910 910
911 911
912 2145
912 1981
912 1927
912 912
913 2755
913 913
913 493
913 261
914 914
915 915
915 361
916 2381
916 1919
916 1643
916 916
917 917
917 525
918 3308
918 2072
918 936
918 918
919 919
920 1465
920 920
920 127
920 115
921 3475
921 2934
921 1335
921 1054
921 921
922 922
923 923
924 924
925 969
925 925
926 926
927 927
927 639
928 1072
928 928
928 675
929 929
930 2323
930 930
930 735
931 2232
931 931
931 787
931 210
932 932
933 3487
933 2915
933 1418
933 933
934 3264
934 934
935 935
936 3308
936 2072
936 936
936 918
937 1784
937 1299
937 937
938 938
939 939
940 2375
940 2211
940 940
941 3432
941 2912
941 2750
941 2731
941 941
941 243
942 942
943 943
944 3321
944 1714
944 1641
944 953
944 944
944 180
945 945
946 946
947 947
948 948
949 2858
949 2245
949 2106
949 1543
949 949
949 756
949 142
950 950
951 951
952 952
953 3321
953 1714
953 1641
953 953
953 944
953 180
954 954
955 2867
955 2837
955 1803
955 955
956 2715
956 1304
956 956
957 957
958 2373
958 1046
958 958
958 782
959 1516
959 1090
959 959
960 960
961 961
962 962
963 3348
963 963
964 2512
964 964
964 764
964 415
965 965
966 966
966 291
967 3476
967 967
967 626
968 968
969 969
969 925
970 970
971 971
972 972
973 3233
973 3172
973 973
973 606
974 3282
974 2954
974 2770
974 2527
974 2239
974 1914
974 1719
974 1306
974 974
974 802
974 70
974 42
975 975
975 425
976 976
977 3451
977 2972
977 1639
977 1345
977 977
977 831
978 978
979 979
980 980
981 981
982 982
983 2452
983 1568
983 1476
983 983
983 743
984 984
985 985
986 986
987 1178
987 987
988 1074
988 988
989 989
990 3176
990 2134
990 1883
990 990
990 561
990 406
991 991
992 992
993 993
994 3342
994 3153
994 2325
994 1924
994 1749
994 1216
994 994
994 273
995 995
996 1796
996 996
996 437
997 997
997 8
998 2904
998 2574
998 998
999 2643
999 1194
999 999
999 40
1000 1000
1001 3107
1001 1135
1001 1001
1002 1002
1002 337
1003 1673
1003 1003
1004 3063
1004 2517
1004 2425
1004 2261
1004 1859
1004 1820
1004 1773
1004 1004
1004 900
1005 1005
1006 2693
1006 2297
1006 1833
1006 1044
1006 1006
1006 471
1007 2057
1007 1007
1007 663
1008 3160
1008 1008
1009 3033
1009 1009
1009 867
1010 1010
1010 3
1011 3157
1011 1809
1011 1011
1012 1012
1013 3014
1013 1013
1014 1014
1015 1015
1016 2548
1016 1539
1016 1307
1016 1016
1016 642
1016 410
1016 275
1017 1017
1018 1018
1019 1019
1020 1020
1021 2838
1021 2613
1021 1021
1022 3317
1022 1022
1023 1023
1024 1024
1025 1805
1025 569
1025 3426
1025 3236
1025 3189
1025 3025
1025 2713
1025 2166
1025 1497
1025 1158
1025 368
1025 2945
1025 2790
1025 2550
1025 2202
1025 2046
1025 1561
1025 1529
1025 814
1025 237
1025 1663
1025 1025
1025 167
1026 1482
1026 1026
1027 1027
1028 1669
1028 1028
1029 1301
1029 1029
1030 1030
1031 1031
1032 1032
1032 276
1033 1033
1034 1034
1035 1035
1036 1036
1037 1037
1038 1038
1039 1039
1040 1040
1040 490
1041 1280
1041 1041
1042 1042
1043 1043
1044 2693
1044 2297
1044 1833
1044 1044
1044 1006
1044 471
1045 1045
1046 2373
1046 1046
1046 958
1046 782
1047 1047
1048 1048
1049 1049
1050 1050
1051 1051
1052 3161
1052 2822
1052 2174
1052 1052
1053 1053
1053 859
1054 3475
1054 2934
1054 1335
1054 1054
1054 921
1055 1055
1056 2681
1056 1861
1056 1056
1057 1057
1058 3028
1058 1346
1058 1058
1059 2616
1059 1059
1060 2039
1060 1060
1061 2453
1061 2384
1061 1559
1061 1061
1062 1062
1063 1063
1064 1064
1064 20
1065 1065
1066 1066
1067 1389
1067 1067
1068 1068
1068 452
1069 1069
1070 1070
1071 1071
1072 1072
1072 928
1072 675
1073 1640
1073 1073
1074 1074
1074 988
1075 2841
1075 2055
1075 1075
1075 218
1076 1076
1077 1077
1078 1694
1078 1078
1079 2103
1079 1079
1080 3003
1080 1080
1081 1081
1081 759
1082 3052
1082 1082
1083 1083
1084 1084
1085 2405
1085 1085
1086 2936
1086 2599
1086 1341
1086 1086
1086 679
1086 596
1086 555
1087 1087
1088 1088
1089 1089
1090 1516
1090 1090
1090 959
1091 1091
1092 1092
1093 1093
1094 3327
1094 3036
1094 1094
1095 3305
1095 2850
1095 1537
1095 1095
1095 288
1096 1096
1097 1123
1097 1097
1098 2698
1098 1282
1098 1098
1098 610
1099 2184
1099 1921
1099 1218
1099 1099
1100 1100
1101 1101
1102 1102
1103 3068
1103 1441
1103 1103
1104 1774
1104 1104
1105 2320
1105 1105
1106 3366
1106 1106
1106 543
1107 2927
1107 2791
1107 2704
1107 2653
1107 1885
1107 1746
1107 1521
1107 1514
1107 1107
1107 812
1107 151
1108 1108
1109 2470
1109 1433
1109 1109
1109 793
1109 256
1110 1110
1111 1111
1111 517
1112 3474
1112 1892
1112 1816
1112 1112
1113 2551
1113 2255
1113 1331
1113 1113
1114 1114
1115 3024
1115 1115
1115 417
1116 1116
1117 1117
1118 1118
1119 1119
1120 1120
1121 1638
1121 1121
1122 2835
1122 1122
1123 1123
1123 1097
1124 1124
1125 1125
1126 2602
1126 2176
1126 1480
1126 1126
1126 512
1126 479
1127 1127
1128 1128
1129 1129
1129 254
1130 1130
1131 1768
1131 1131
1132 1320
1132 1132
1133 1133
1133 784
1133 566
1133 235
1134 1134
1135 3107
1135 1135
1135 1001
1136 1136
1137 1137
1138 1138
1139 1139
1140 3313
1140 2061
1140 1140
1140 797
1141 1141
1142 3419
1142 1142
1142 312
1143 1894
1143 1143
1144 2906
1144 2326
1144 2036
1144 1310
1144 1144
1144 466
1145 3164
1145 2667
1145 1145
1146 1146
1147 1147
1148 2484
1148 1868
1148 1148
1149 1937
1149 1149
1149 786
1150 3178
1150 2795
1150 1811
1150 1804
1150 1188
1150 1150
1150 879
1150 567
1151 2218
1151 1845
1151 1655
1151 1151
1152 1152
1153 3460
1153 2856
1153 2552
1153 2481
1153 1278
1153 1220
1153 1153
1153 864
1153 760
1153 313
1154 1154
1155 1155
1156 1156
1157 1157
1158 3426
1158 3236
1158 3189
1158 3025
1158 2713
1158 2166
1158 1497
1158 1158
1158 1025
1158 368
1159 1159
1160 2360
1160 1160
1161 1161
1161 881
1162 2510
1162 1370
1162 1162
1162 579
1162 309
1163 1163
1164 1164
1165 2584
1165 1165
1166 1873
1166 1166
1166 194
1167 2233
1167 2156
1167 1167
1167 726
1168 1168
1169 1742
1169 1169
1169 260
1170 1502
1170 1356
1170 1170
1171 2160
1171 2024
1171 1171
1172 1172
1173 1173
1174 1174
1175 2879
1175 1175
1176 1176
1177 3346
1177 3325
1177 2253
1177 2220
1177 2194
1177 1520
1177 1444
1177 1177
1177 387
1177 165
1178 1178
1178 987
1179 1478
1179 1179
1180 2111
1180 2530
1180 2256
1180 1180
1181 1181
1182 1219
1182 1182
1183 1183
1184 1184
1185 1185
1186 3434
1186 1186
1187 1187
1188 3178
1188 2795
1188 1811
1188 1804
1188 1188
1188 1150
1188 879
1188 567
1189 2774
1189 1189
1190 2971
1190 1190
1191 1191
1192 1192
1192 192
1193 1193
1194 2643
1194 1194
1194 999
1194 40
1195 1195
1196 1196
1197 1197
1198 1198
1199 1199
1200 1200
1200 899
1200 423
1201 1201
1202 2727
1202 1202
1203 1985
1203 1848
1203 1203
1204 2733
1204 2533
1204 1204
1205 1205
1205 844
1206 1632
1206 1206
1207 1207
1208 2680
1208 1934
1208 1208
1209 1687
1209 1209
1210 1210
1211 1211
1212 3260
1212 1212
1213 1213
1214 1214
1215 1215
1215 214
1216 3342
1216 3153
1216 2325
1216 1924
1216 1749
1216 1216
1216 994
1216 273
1217 1217
1218 2184
1218 1921
1218 1218
1218 1099
1219 1219
1219 1182
1220 3460
1220 2856
1220 2552
1220 2481
1220 1278
1220 1153
1220 864
1220 760
1220 313
1220 1220
1220 696
1220 152
1221 1221
1222 1222
1223 1223
1224 2130
1224 1690
1224 1224
1225 1225
1225 548
1226 1303
1226 1226
1227 2611
1227 1227
1228 1228
1229 3222
1229 2629
1229 1229
1230 1230
1230 242
1231 1231
1232 1232
1233 1233
1234 1234
1235 1235
1235 233
1236 1236
1237 3187
1237 2541
1237 2528
1237 1237
1237 59
1238 1483
1238 1263
1238 1238
1238 464
1239 1239
1240 1240
1241 2962
1241 1241
1241 882
1242 1242
1243 1243
1244 1244
1245 1245
1245 722
1246 2843
1246 713
1246 3074
1246 1246
1246 145
1246 14
1247 2782
1247 1895
1247 1684
1247 1247
1248 1248
1249 1249
1250 1380
1250 1250
1251 3227
1251 3076
1251 1251
1252 1252
1253 3061
1253 3056
1253 2192
1253 2143
1253 1253
1253 375
1254 2824
1254 1254
1254 552
1254 129
1255 1255
1256 1416
1256 1390
1256 1256
1256 883
1256 220
1256 34
1257 1257
1258 2617
1258 2151
1258 1258
1258 134
1259 2628
1259 2195
1259 1259
1259 95
1260 1260
1261 1261
1262 1262
1263 1483
1263 1263
1263 1238
1263 464
1264 1264
1265 2869
1265 1265
1266 1266
1267 1267
1268 1268
1269 2429
1269 1491
1269 1269
1269 634
1270 1270
1271 2671
1271 1786
1271 1450
1271 1309
1271 1271
1271 492
1271 280
1271 144
1272 1272
1273 1273
1274 1631
1274 1274
1275 1275
1276 1276
1277 1277
1278 3460
1278 2856
1278 2552
1278 2481
1278 1278
1278 1220
1278 1153
1278 864
1278 760
1278 313
1279 1279
1279 718
1280 1280
1280 1041
1281 1281
1282 2698
1282 1282
1282 1098
1282 610
1283 2977
1283 1283
1283 271
1284 1284
1285 1285
1286 1286
1287 2274
1287 1287
1287 29
1288 2368
1288 1288
1289 2513
1289 1289
1289 672
1289 157
1290 1290
1291 1291
1292 3111
1292 2687
1292 1292
1292 499
1293 1293
1293 808
1293 9
1294 1294
1295 2480
1295 2107
1295 1295
1296 1296
1297 3377
1297 1797
1297 1484
1297 1429
1297 1297
1297 692
1298 1298
1299 1784
1299 1299
1299 937
1300 2938
1300 1300
1301 1301
1301 1029
1302 3304
1302 1302
1302 449
1303 1303
1303 1226
1304 2715
1304 1304
1304 956
1305 1305
1305 506
1305 279
1306 3282
1306 2954
1306 2770
1306 2527
1306 2239
1306 1914
1306 1719
1306 1306
1306 974
1306 802
1306 70
1306 42
1307 2548
1307 1539
1307 1307
1307 1016
1307 642
1307 410
1307 275
1308 1308
1309 2671
1309 1786
1309 1450
1309 1309
1309 1271
1309 492
1309 280
1309 144
1310 2906
1310 2326
1310 2036
1310 1310
1310 1144
1310 466
1311 3117
1311 1563
1311 1311
1311 168
1312 1312
1313 2555
1313 1313
1314 1314
1315 1315
1316 1316
1316 685
1317 1317
1318 1318
1319 3257
1319 3017
1319 1319
1319 662
1319 292
1320 1320
1320 1132
1321 1321
1322 3069
1322 2650
1322 1322
1323 2721
1323 2357
1323 2045
1323 1323
1324 2952
1324 1324
1325 1325
1326 1326
1327 2329
1327 1763
1327 1327
1328 1328
1329 1329
1330 1397
1330 1330
1331 2551
1331 2255
1331 1331
1331 1113
1332 3188
1332 1332
1333 3396
1333 3367
1333 1333
1334 3385
1334 2536
1334 2291
1334 1334
1335 3475
1335 2934
1335 1335
1335 1054
1335 921
1336 2944
1336 2457
1336 2317
1336 1997
1336 1933
1336 1336
1337 2141
1337 1337
1337 213
1337 112
1338 2466
1338 1661
1338 1338
1338 114
1339 1339
1339 640
1340 1340
1341 2936
1341 2599
1341 1341
1341 1086
1341 679
1341 596
1341 555
1342 1342
1343 2101
1343 1362
1343 1343
1344 2226
1344 1344
1345 3451
1345 2972
1345 1639
1345 1345
1345 977
1345 831
1346 3028
1346 1346
1346 1058
1347 1904
1347 1626
1347 1347
1347 825
1347 822
1347 589
1348 1348
1348 819
1349 1349
1350 2558
1350 2341
1350 1350
1351 1351
1351 625
1352 1352
1353 1353
1354 1354
1354 734
1355 2561
1355 1929
1355 1355
1356 1502
1356 1356
1356 1170
1357 1357
1358 1358
1359 1359
1360 1360
1361 1361
1361 83
1362 2101
1362 1362
1362 1343
1363 1363
1364 1364
1365 1365
1366 1366
1367 1367
1368 2658
1368 2514
1368 2074
1368 1368
1368 407
1368 105
1369 1369
1370 2510
1370 1370
1370 1162
1370 579
1370 309
1371 1371
1372 3055
1372 2603
1372 1448
1372 1435
1372 1372
1373 1373
1374 1374
1375 1375
1376 1376
1377 1377
1378 1378
1379 2978
1379 2400
1379 1379
1380 1380
1380 1250
1381 1381
1381 635
1382 1382
1383 1383
1384 2446
1384 2086
1384 1384
1385 1583
1385 1499
1385 1385
1386 1386
1386 728
1386 390
1387 2662
1387 1816
1387 1387
1388 2053
1388 1388
1389 1389
1389 1067
1390 1416
1390 1390
1390 1256
1390 883
1390 220
1390 34
1391 3429
1391 1447
1391 1391
1392 1392
1393 1393
1394 1394
1395 1395
1395 862
1396 2728
1396 2365
1396 1396
1397 1397
1397 1330
1398 1398
1399 1399
1400 1400
1401 2468
1401 1401
1401 811
1402 1402
1403 1403
1404 1404
1405 1405
1406 3482
1406 1406
1407 1407
1408 1408
1409 3098
1409 2516
1409 2488
1409 2283
1409 1911
1409 1471
1409 1409
1410 1410
1410 405
1410 53
1411 1411
1412 1412
1412 836
1412 605
1412 522
1413 1413
1414 1530
1414 1414
1415 1415
1416 1416
1416 1390
1416 1256
1416 883
1416 220
1416 34
1417 2660
1417 1771
1417 1417
1418 3487
1418 2915
1418 1418
1418 933
1419 1585
1419 1419
1420 3206
1420 1420
1421 1421
1422 3169
1422 1623
1422 1422
1423 2294
1423 2124
1423 1423
1424 1424
1425 1425
1426 1426
1427 1427
1428 1428
1429 3377
1429 1797
1429 1484
1429 1429
1429 1297
1429 692
1430 1430
1431 1431
1432 1432
1433 2470
1433 1433
1433 1109
1433 793
1433 256
1434 1434
1435 3055
1435 2603
1435 1448
1435 1435
1435 1372
1436 1436
1437 1550
1437 1437
1438 1438
1439 1504
1439 1439
1440 1440
1441 3068
1441 1441
1441 1103
1442 1442
1443 1443
1444 3346
1444 3325
1444 2253
1444 2220
1444 2194
1444 1520
1444 1444
1444 1177
1444 387
1444 165
1445 1445
1446 2729
1446 2066
1446 1779
1446 1446
1447 3429
1447 1447
1447 1391
1448 3055
1448 2603
1448 1448
1448 1435
1448 1372
1449 1449
1450 2671
1450 1786
1450 1450
1450 1309
1450 1271
1450 492
1450 280
1450 144
1451 1451
1452 1452
1453 1453
1454 3478
1454 1454
1455 1527
1455 1455
1456 1456
1457 1457
1458 1458
1458 27
1459 3488
1459 1459
1460 1460
1461 2306
1461 1461
1461 429
1462 3479
1462 2203
1462 1462
1463 1463
1464 3182
1464 1716
1464 1464
1464 496
1465 1465
1465 920
1465 127
1465 115
1466 1466
1467 1467
1468 1468
1469 2270
1469 1590
1469 1469
1470 3332
1470 1470
1470 769
1470 695
1470 351
1471 3098
1471 2516
1471 2488
1471 2283
1471 1911
1471 1471
1471 1409
1472 1472
1473 2399
1473 1887
1473 1473
1473 852
1474 1474
1475 2992
1475 1475
1476 2452
1476 1568
1476 1476
1476 983
1476 743
1477 1736
1477 1477
1478 1478
1478 1179
1479 2735
1479 1479
1480 2602
1480 2176
1480 1480
1480 1126
1480 512
1480 479
1481 1916
1481 1481
1482 1482
1482 1026
1483 1483
1483 1263
1483 1238
1483 464
1484 3377
1484 1797
1484 1484
1484 1429
1484 1297
1484 692
1485 1485
1486 1486
1487 1487
1488 1488
1489 1594
1489 1489
1489 310
1490 1490
1491 2429
1491 1491
1491 1269
1491 634
1492 1492
1492 564
1493 2970
1493 1493
1493 221
1494 1494
1495 3205
1495 1495
1496 1496
1497 3426
1497 3236
1497 3189
1497 3025
1497 2713
1497 2166
1497 1497
1497 1158
1497 1025
1497 368
1498 1498
1499 1583
1499 1499
1499 1385
1500 1500
1501 2834
1501 1501
1502 1502
1502 1356
1502 1170
1503 1503
1504 1504
1504 1439
1505 1505
1506 2914
1506 1506
1507 1507
1507 89
1508 2546
1508 2432
1508 2387
1508 1508
1509 1509
1509 306
1510 1510
1511 1511
1512 1512
1513 1513
1513 830
1513 286
1514 2927
1514 2791
1514 2704
1514 2653
1514 1885
1514 1746
1514 1521
1514 1514
1514 1107
1514 812
1514 151
1515 1515
1516 1516
1516 1090
1516 959
1517 1517
1518 1518
1519 1519
1520 3346
1520 3325
1520 2253
1520 2220
1520 2194
1520 1520
1520 1444
1520 1177
1520 387
1520 165
1521 2927
1521 2791
1521 2704
1521 2653
1521 1885
1521 1746
1521 1521
1521 1514
1521 1107
1521 812
1521 151
1522 1522
1523 2810
1523 1972
1523 1523
1523 712
1524 1524
1525 2991
1525 2677
1525 1846
1525 1525
1526 1526
1527 1527
1527 1455
1528 1781
1528 1528
1529 2945
1529 2790
1529 2550
1529 2202
1529 2046
1529 1561
1529 1529
1529 1025
1529 814
1529 237
1530 1530
1530 1414
1531 1531
1532 1680
1532 1532
1533 2706
1533 1533
1534 1534
1535 1535
1536 2246
1536 1536
1537 3305
1537 2850
1537 1537
1537 1095
1537 288
1538 3013
1538 1787
1538 1538
1538 894
1538 850
1539 2548
1539 1539
1539 1307
1539 1016
1539 642
1539 410
1539 275
1540 1540
1541 1541
1542 1542
1542 558
1542 507
1543 2858
1543 2245
1543 2106
1543 1543
1543 949
1543 756
1543 142
1544 1544
1545 3223
1545 2700
1545 1963
1545 1545
1545 674
1546 2148
1546 1546
1547 1547
1548 1548
1548 454
1549 1697
1549 1549
1550 1550
1550 1437
1551 1551
1552 1552
1553 2690
1553 1553
1554 3265
1554 1863
1554 1633
1554 1554
1555 1555
1556 1556
1557 1557
1558 2212
1558 1558
1559 2453
1559 2384
1559 1559
1559 1061
1560 1560
1561 2945
1561 2790
1561 2550
1561 2202
1561 2046
1561 1561
1561 1529
1561 1025
1561 814
1561 237
1562 1562
1563 3117
1563 1563
1563 1311
1563 168
1564 1564
1565 2378
1565 1565
1566 2451
1566 1657
1566 1566
1567 1567
1568 2452
1568 1568
1568 1476
1568 983
1568 743
1569 1569
1570 1570
1571 1571
1572 1572
1573 1573
1574 2688
1574 3435
1574 2845
1574 1574
1574 447
1574 268
1575 1575
1576 1576
1577 1577
1578 1578
1579 1579
1580 1580
1581 1836
1581 1607
1581 1581
1581 461
1582 1582
1582 505
1582 455
1582 169
1583 1583
1583 1499
1583 1385
1584 1584
1584 666
1585 1585
1585 1419
1586 2968
1586 2017
1586 1954
1586 1586
1586 477
1587 2730
1587 2272
1587 1587
1588 1588
1589 3130
1589 3085
1589 1589
1590 2270
1590 1590
1590 1469
1591 1591
1592 1592
1593 1593
1593 121
1594 1594
1594 1489
1594 310
1595 1595
1596 1596
1597 1597
1598 3085
1598 1598
1599 1599
1600 1600
1601 3437
1601 3266
1601 3234
1601 3030
1601 2939
1601 2619
1601 1601
1601 319
1601 149
1601 36
1601 33
1602 1602
1602 44
1603 3016
1603 1603
1603 583
1603 61
1604 1604
1605 1605
1606 3301
1606 2183
1606 2001
1606 1821
1606 1606
1606 614
1607 1836
1607 1607
1607 1581
1607 461
1608 3410
1608 1608
1609 1609
1610 1642
1610 1610
1611 3365
1611 1611
1612 1612
1613 1613
1614 1614
1615 2100
1615 1615
1615 419
1616 2933
1616 2504
1616 1616
1617 1617
1618 1618
1619 1619
1620 1620
1621 1621
1621 137
1622 1622
1623 3169
1623 1623
1623 1422
1624 3047
1624 2851
1624 1624
1624 439
1625 2844
1625 1785
1625 1625
1626 1904
1626 1626
1626 1347
1626 825
1626 822
1626 589
1627 1627
1628 1628
1629 1629
1630 1630
1631 1631
1631 1274
1632 1632
1632 1206
1633 3265
1633 1863
1633 1633
1633 1554
1634 1634
1635 1635
1636 2818
1636 2440
1636 2198
1636 1636
1636 451
1636 158
1636 87
1637 2271
1637 1925
1637 1637
1638 1638
1638 1121
1639 3451
1639 2972
1639 1639
1639 1345
1639 977
1639 831
1640 1640
1640 1073
1641 3321
1641 1714
1641 1641
1641 953
1641 944
1641 180
1642 1642
1642 1610
1643 2381
1643 1919
1643 1643
1643 916
1644 1644
1645 2827
1645 1645
1646 2959
1646 1646
1646 650
1647 2377
1647 1739
1647 1647
1648 1648
1649 1649
1650 1650
1651 1651
1652 3481
1652 1652
1652 779
1653 1653
1654 3166
1654 2303
1654 1990
1654 3288
1654 3179
1654 3015
1654 1664
1654 2843
1654 1654
1655 2218
1655 1845
1655 1655
1655 1151
1656 1656
1657 2451
1657 1657
1657 1566
1658 1658
1659 1659
1660 3242
1660 1660
1660 203
1661 2466
1661 1661
1661 1338
1661 114
1662 1662
1663 1663
1663 1025
1663 167
1664 3288
1664 3179
1664 3015
1664 1664
1664 1654
1665 1665
1666 1666
1667 1667
1668 1668
1668 572
1669 1669
1669 1028
1670 1670
1671 2806
1671 2321
1671 1671
1671 547
1671 397
1672 1672
1673 1673
1673 1003
1674 1674
1675 1675
1676 1676
1677 1677
1677 470
1678 3489
1678 3065
1678 2785
1678 2164
1678 2096
1678 1678
1678 845
1678 667
1679 2886
1679 1679
1679 560
1679 549
1680 1680
1680 1532
1681 1681
1682 3386
1682 2099
1682 1682
1682 104
1683 1683
1684 2782
1684 1895
1684 1684
1684 1247
1685 1685
1686 2714
1686 1686
1687 1687
1687 1209
1688 1688
1689 1689
1690 2130
1690 1690
1690 1224
1691 1691
1692 1692
1693 1693
1694 1694
1694 1078
1695 1695
1696 1696
1697 1697
1697 1549
1698 1698
1698 857
1698 329
1698 155
1699 1699
1700 2984
1700 1700
1701 1701
1702 1702
1703 1703
1704 2022
1704 1704
1705 1705
1706 1706
1707 1707
1708 1708
1709 3429
1709 3048
1709 1709
1710 2131
1710 1710
1711 1711
1712 1712
1713 1713
1714 430
1714 3321
1714 1714
1714 1641
1714 953
1714 944
1714 180
1715 2836
1715 2792
1715 1715
1715 77
1715 69
1716 3182
1716 1716
1716 1464
1716 496
1717 1717
1717 609
1718 2515
1718 1718
1719 3282
1719 2954
1719 2770
1719 2527
1719 2239
1719 1914
1719 1719
1719 1306
1719 974
1719 802
1719 70
1719 42
1720 1720
1721 1721
1722 1722
1723 1723
1723 356
1724 2678
1724 1724
1725 1725
1726 3391
1726 1726
1727 1727
1727 326
1728 2567
1728 2331
1728 1728
1729 2287
1729 2048
1729 1729
1730 1730
1731 1731
1732 3165
1732 2118
1732 1732
1732 608
1732 453
1732 330
1733 1733
1734 1734
1735 1735
1736 1736
1736 1477
1737 1737
1738 1738
1739 2377
1739 1739
1739 1647
1740 1740
1741 1741
1742 1742
1742 1169
1742 260
1743 3150
1743 2883
1743 1743
1744 1744
1745 1745
1746 2927
1746 2791
1746 2704
1746 2653
1746 1885
1746 1746
1746 1521
1746 1514
1746 1107
1746 812
1746 151
1747 2175
1747 1993
1747 1747
1748 3464
1748 2760
1748 1748
1749 3342
1749 3153
1749 2325
1749 1924
1749 1749
1749 1216
1749 994
1749 273
1750 3016
1750 2635
1750 1903
1750 1750
1751 1751
1752 2958
1752 1752
1752 788
1753 3295
1753 1753
1754 1754
1755 1755
1756 1756
1757 2391
1757 1757
1757 574
1758 1758
1759 1759
1760 1760
1761 1761
1762 1762
1763 2329
1763 1763
1763 1327
1764 1764
1765 1765
1766 2305
1766 1766
1766 860
1767 2754
1767 2343
1767 2221
1767 1767
1768 1768
1768 1131
1769 1769
1769 791
1769 480
1770 1770
1771 2660
1771 1771
1771 1417
1772 2290
1772 1772
1772 658
1773 3063
1773 2517
1773 2425
1773 2261
1773 1859
1773 1820
1773 1773
1773 1004
1773 900
1774 1774
1774 1104
1775 1775
1776 1776
1776 730
1777 1777
1778 1778
1779 2729
1779 2066
1779 1779
1779 1446
1780 1780
1781 1781
1781 1528
1782 1782
1783 1783
1784 1784
1784 1299
1784 937
1785 2844
1785 1785
1785 1625
1786 2671
1786 1786
1786 1450
1786 1309
1786 1271
1786 492
1786 280
1786 144
1787 3013
1787 1787
1787 1538
1787 894
1787 850
1788 2181
1788 1788
1788 591
1789 1789
1790 2926
1790 1790
1791 3480
1791 3049
1791 1791
1792 1792
1793 1793
1793 732
1794 1794
1795 1795
1796 1796
1796 996
1796 437
1797 3377
1797 1797
1797 1484
1797 1429
1797 1297
1797 692
1798 1798
1799 1799
1800 1800
1800 126
1801 1801
1802 1802
1803 2867
1803 2837
1803 1803
1803 955
1804 3178
1804 2795
1804 1811
1804 1804
1804 1188
1804 1150
1804 879
1804 567
1805 1805
1805 1025
1805 569
1806 1806
1807 1807
1807 252
1808 1808
1809 3157
1809 1809
1809 1011
1810 2165
1810 1810
1810 703
1811 3178
1811 2795
1811 1811
1811 1804
1811 1188
1811 1150
1811 879
1811 567
1812 1812
1813 2645
1813 1813
1813 12
1814 1814
1815 1815
1816 2662
1816 1387
1816 3474
1816 1892
1816 1816
1816 1112
1817 1817
1818 1818
1819 3382
1819 2621
1819 1819
1820 3063
1820 2517
1820 2425
1820 2261
1820 1859
1820 1820
1820 1773
1820 1004
1820 900
1821 3301
1821 2183
1821 2001
1821 1821
1821 1606
1821 614
1822 3217
1822 1822
1823 1823
1824 1824
1824 13
1825 1825
1826 3237
1826 1826
1827 1827
1828 1828
1829 1918
1829 1829
1830 1830
1831 1831
1832 1832
1833 2693
1833 2297
1833 1833
1833 1044
1833 1006
1833 471
1834 3433
1834 2956
1834 1932
1834 1834
1835 1835
1836 1836
1836 1607
1836 1581
1836 461
1837 3140
1837 3101
1837 1837
1838 2252
1838 1838
1839 1839
1840 1840
1841 1841
1841 842
1842 1842
1842 651
1843 1843
1844 1844
1845 2218
1845 1845
1845 1655
1845 1151
1846 2991
1846 2677
1846 1846
1846 1525
1847 1847
1848 1985
1848 1848
1848 1203
1849 2263
1849 2196
1849 1849
1849 174
1850 1850
1851 1851
1851 527
1852 1852
1853 1853
1854 1854
1855 1855
1855 510
1856 1856
1857 1857
1858 1858
1859 3063
1859 2517
1859 2425
1859 2261
1859 1859
1859 1820
1859 1773
1859 1004
1859 900
1860 3371
1860 1860
1861 2681
1861 1056
1861 3251
1861 3218
1861 3094
1861 2815
1861 2703
1861 2593
1861 2507
1861 2353
1861 1861
1861 331
1862 1862
1862 557
1863 3265
1863 1863
1863 1633
1863 1554
1864 1864
1865 1865
1866 1866
1867 1867
1868 2484
1868 1868
1868 1148
1869 1869
1870 1870
1870 708
1871 1871
1872 1872
1872 895
1873 1873
1873 1166
1873 194
1874 1874
1875 1875
1876 1876
1877 1877
1878 1878
1879 2745
1879 2447
1879 2115
1879 1879
1880 3240
1880 3009
1880 1880
1881 1881
1882 1882
1883 3176
1883 2134
1883 1883
1883 990
1883 561
1883 406
1884 1884
1885 2927
1885 2791
1885 2704
1885 2653
1885 1885
1885 1746
1885 1521
1885 1514
1885 1107
1885 812
1885 151
1886 1886
1887 2399
1887 1887
1887 1473
1887 852
1888 1888
1889 1889
1890 1890
1891 1891
1892 3474
1892 1892
1892 1816
1892 1112
1893 1893
1894 1894
1894 1143
1895 2782
1895 1895
1895 1684
1895 1247
1896 1896
1897 3254
1897 3124
1897 1897
1898 1898
1898 253
1899 1899
1900 1900
1900 328
1901 1901
1902 1902
1903 3016
1903 2635
1903 1903
1903 1750
1904 1904
1904 1626
1904 1347
1904 825
1904 822
1904 589
1905 1905
1905 853
1906 1906
1907 1907
1908 1908
1909 2419
1909 1909
1910 3071
1910 1910
1911 3098
1911 2516
1911 2488
1911 2283
1911 1911
1911 1471
1911 1409
1912 1995
1912 1912
1913 3179
1913 3166
1913 1913
1914 3282
1914 2954
1914 2770
1914 2527
1914 2239
1914 1914
1914 1719
1914 1306
1914 974
1914 802
1914 70
1914 42
1915 1915
1916 1916
1916 1481
1917 2787
1917 2136
1917 1917
1918 1918
1918 1829
1919 2381
1919 1919
1919 1643
1919 916
1920 2029
1920 1980
1920 1920
1921 2184
1921 1921
1921 1218
1921 1099
1922 1922
1923 1923
1924 3342
1924 3153
1924 2325
1924 1924
1924 1749
1924 1216
1924 994
1924 273
1925 2271
1925 1925
1925 1637
1926 2641
1926 2506
1926 1926
1927 2145
1927 1981
1927 1927
1927 912
1928 2483
1928 1928
1929 2561
1929 1929
1929 1355
1930 2861
1930 2385
1930 1930
1931 1931
1932 3433
1932 2956
1932 1932
1932 1834
1933 2944
1933 2457
1933 2317
1933 1997
1933 1933
1933 1336
1934 2680
1934 1934
1934 1208
1935 1935
1936 1936
1937 1937
1937 1149
1937 786
1938 1938
1938 685
1939 2626
1939 1939
1940 1940
1941 1941
1942 1942
1943 1943
1944 1944
1944 346
1945 1945
1946 1946
1947 1947
1948 1948
1948 345
1948 299
1949 1949
1949 564
1950 1950
1951 1996
1951 1951
1952 1952
1953 1953
1954 2968
1954 2017
1954 1954
1954 1586
1954 477
1955 2691
1955 1955
1955 884
1956 1956
1957 3450
1957 2139
1957 2027
1957 1957
1958 1958
1959 1959
1960 1960
1960 770
1961 1961
1961 687
1962 1962
1963 3223
1963 2700
1963 1963
1963 1545
1963 674
1964 1964
1965 1965
1966 1966
1967 1967
1968 1968
1969 1969
1970 1970
1971 1971
1972 2810
1972 1972
1972 1523
1972 712
1973 3059
1973 2993
1973 1973
1974 1974
1975 1975
1976 1976
1977 1977
1978 1978
1979 1979
1980 2029
1980 1980
1980 1920
1981 2145
1981 1981
1981 1927
1981 912
1982 1982
1983 1983
1984 1984
1984 459
1984 245
1985 1985
1985 1848
1985 1203
1986 1986
1987 1987
1988 3209
1988 1988
1989 1989
1990 3166
1990 2303
1990 1990
1990 1654
1991 3351
1991 3243
1991 2980
1991 2765
1991 1991
1992 1992
1992 123
1993 2175
1993 1993
1993 1747
1994 1994
1995 1995
1995 1912
1996 1996
1996 1951
1997 2944
1997 2457
1997 2317
1997 1997
1997 1933
1997 1336
1998 1998
1999 3224
1999 1999
2000 2000
2001 3301
2001 2183
2001 2001
2001 1821
2001 1606
2001 614
2002 2002
2003 2003
2004 2004
2005 2005
2006 2006
2007 2007
2008 2008
2009 2009
2010 2010
2011 2125
2011 2011
2012 2012
2013 3387
2013 2013
2014 2014
2015 2015
2015 225
2016 2016
2017 2968
2017 2017
2017 1954
2017 1586
2017 477
2018 2018
2019 3452
2019 2019
2020 2020
2021 2023
2021 2021
2021 456
2021 255
2022 2022
2022 1704
2023 2023
2023 2021
2023 456
2023 255
2024 2160
2024 2024
2024 1171
2025 2025
2026 2026
2026 226
2027 3450
2027 2139
2027 2027
2027 1957
2028 2028
2029 2029
2029 1980
2029 1920
2030 2030
2031 2031
2031 223
2032 2032
2033 2033
2034 3423
2034 2475
2034 2034
2035 2800
2035 2236
2035 2035
2035 777
2036 2906
2036 2326
2036 2036
2036 1310
2036 1144
2036 466
2037 2037
2038 2038
2039 2039
2039 1060
2040 2040
2041 2041
2042 3314
2042 3186
2042 2467
2042 2042
2043 2043
2043 646
2043 400
2044 2044
2045 2721
2045 2357
2045 2045
2045 1323
2046 2945
2046 2790
2046 2550
2046 2202
2046 2046
2046 1561
2046 1529
2046 1025
2046 814
2046 237
2047 2047
2048 2287
2048 2048
2048 1729
2049 2049
2050 2050
2051 2051
2052 3212
2052 2207
2052 2052
2052 799
2053 2053
2053 1388
2054 2054
2055 2841
2055 2055
2055 1075
2055 218
2056 2056
2056 781
2057 2057
2057 1007
2057 663
2058 2058
2059 2831
2059 2059
2059 287
2059 66
2060 2060
2061 3313
2061 2061
2061 1140
2061 797
2062 2803
2062 2062
2062 744
2063 2063
2064 2064
2065 2065
2065 188
2066 2729
2066 2066
2066 1779
2066 1446
2067 2067
2068 2068
2069 2928
2069 2069
2069 798
2070 2070
2071 2071
2071 416
2072 3308
2072 2072
2072 936
2072 918
2073 2073
2074 2658
2074 2514
2074 2074
2074 1368
2074 407
2074 105
2075 2075
2075 508
2076 2076
2077 3032
2077 2077
2078 2676
2078 2078
2079 2989
2079 2976
2079 2170
2079 2079
2079 418
2079 50
2080 2080
2080 340
2081 3118
2081 2081
2082 2082
2083 2930
2083 2562
2083 2083
2083 399
2084 2084
2085 2085
2085 277
2086 2446
2086 2086
2086 1384
2087 3106
2087 2496
2087 2187
2087 2087
2087 90
2088 2088
2089 3309
2089 3248
2089 2089
2090 2090
2091 2091
2092 2542
2092 2092
2093 2093
2094 2094
2095 2095
2096 3489
2096 3065
2096 2785
2096 2164
2096 2096
2096 1678
2096 845
2096 667
2097 2097
2098 2347
2098 2289
2098 2098
2099 3386
2099 2099
2099 1682
2099 104
2100 2100
2100 1615
2100 419
2101 2101
2101 1362
2101 1343
2102 3145
2102 2102
2103 2103
2103 1079
2104 2104
2105 2105
2106 2858
2106 2245
2106 2106
2106 1543
2106 949
2106 756
2106 142
2107 2480
2107 2107
2107 1295
2108 2108
2109 2109
2110 2110
2111 2111
2111 1180
2112 2112
2112 31
2113 2113
2114 2937
2114 2114
2114 780
2114 463
2115 2745
2115 2447
2115 2115
2115 1879
2116 2116
2117 2117
2118 3165
2118 2118
2118 1732
2118 608
2118 453
2118 330
2119 2119
2119 258
2120 2120
2121 2121
2122 2122
2123 2123
2124 2294
2124 2124
2124 1423
2125 2125
2125 2011
2126 2219
2126 2126
2127 2127
2128 3465
2128 3323
2128 3092
2128 2128
2129 2129
2130 2130
2130 1690
2130 1224
2131 2131
2131 1710
2132 2132
2133 2333
2133 2133
2133 17
2134 3176
2134 2134
2134 1883
2134 990
2134 561
2134 406
2135 2135
2136 2787
2136 2136
2136 1917
2137 2137
2138 2138
2138 778
2139 3450
2139 2139
2139 2027
2139 1957
2140 2140
2141 2141
2141 1337
2141 213
2141 112
2142 2142
2143 3061
2143 3056
2143 2192
2143 2143
2143 1253
2143 375
2144 2793
2144 2144
2144 878
2145 2145
2145 1981
2145 1927
2145 912
2146 2146
2147 2735
2147 2147
2148 2148
2148 1546
2149 2149
2150 2354
2150 2150
2151 2617
2151 2151
2151 1258
2151 134
2152 2152
2153 2411
2153 2153
2153 320
2154 2154
2155 2267
2155 2155
2155 64
2156 2233
2156 2156
2156 1167
2156 726
2157 2490
2157 2157
2158 2158
2159 2159
2159 392
2160 2160
2160 2024
2160 1171
2161 2161
2162 2162
2163 2163
2164 3489
2164 3065
2164 2785
2164 2164
2164 2096
2164 1678
2164 845
2164 667
2165 2165
2165 1810
2165 703
2166 3426
2166 3236
2166 3189
2166 3025
2166 2713
2166 2166
2166 1497
2166 1158
2166 1025
2166 368
2167 2167
2168 2168
2169 2169
2170 2989
2170 2976
2170 2170
2170 2079
2170 418
2170 50
2171 2997
2171 2335
2171 2171
2171 37
2172 2172
2173 2173
2174 3161
2174 2822
2174 2174
2174 1052
2175 2175
2175 1993
2175 1747
2176 2602
2176 2176
2176 1480
2176 1126
2176 512
2176 479
2177 2177
2178 2178
2178 436
2179 2179
2179 877
2180 2890
2180 2180
2181 2181
2181 1788
2181 591
2182 2182
2183 3301
2183 2183
2183 2001
2183 1821
2183 1606
2183 614
2184 2184
2184 1921
2184 1218
2184 1099
2185 2185
2186 2186
2187 3106
2187 2496
2187 2187
2187 2087
2187 90
2188 2188
2189 2189
2190 3104
2190 2190
2191 2580
2191 2191
2192 3061
2192 3056
2192 2192
2192 2143
2192 1253
2192 375
2193 3034
2193 2193
2194 3346
2194 3325
2194 2253
2194 2220
2194 2194
2194 1520
2194 1444
2194 1177
2194 387
2194 165
2195 2628
2195 2195
2195 1259
2195 95
2196 2796
2196 501
2196 2263
2196 2196
2196 1849
2196 174
2197 3035
2197 2683
2197 2197
2197 511
2198 2818
2198 2440
2198 2198
2198 1636
2198 451
2198 158
2198 87
2199 2199
2200 2200
2201 2201
2202 2945
2202 2790
2202 2550
2202 2202
2202 2046
2202 1561
2202 1529
2202 1025
2202 814
2202 237
2203 3479
2203 2203
2203 1462
2204 2204
2205 2205
2206 2206
2207 3212
2207 2207
2207 2052
2207 799
2208 2208
2209 2209
2210 2210
2211 2375
2211 2211
2211 940
2212 2212
2212 1558
2213 2213
2214 2214
2215 2215
2216 2216
2217 2217
2218 2218
2218 1845
2218 1655
2218 1151
2219 2219
2219 2126
2220 3346
2220 3325
2220 2253
2220 2220
2220 2194
2220 1520
2220 1444
2220 1177
2220 387
2220 165
2221 2754
2221 2343
2221 2221
2221 1767
2222 3002
2222 2222
2223 2223
2223 495
2223 132
2224 2224
2224 82
2225 3008
2225 2225
2225 374
2226 2226
2226 1344
2227 2227
2228 2228
2229 2229
2230 2230
2231 2231
2232 2232
2232 931
2232 787
2232 210
2233 2233
2233 2156
2233 1167
2233 726
2234 2234
2235 2235
2236 2800
2236 2236
2236 2035
2236 777
2237 2237
2238 3230
2238 2775
2238 2238
2238 681
2239 3282
2239 2954
2239 2770
2239 2527
2239 2239
2239 1914
2239 1719
2239 1306
2239 974
2239 802
2239 70
2239 42
2240 2240
2240 629
2240 534
2241 2241
2242 2242
2243 2243
2244 2244
2245 2858
2245 2245
2245 2106
2245 1543
2245 949
2245 756
2245 142
2246 2246
2246 1536
2247 3449
2247 2339
2247 2247
2248 2579
2248 2248
2249 2249
2249 739
2250 2250
2251 2251
2252 2252
2252 1838
2253 3346
2253 3325
2253 2253
2253 2220
2253 2194
2253 1520
2253 1444
2253 1177
2253 387
2253 165
2254 2254
2255 2551
2255 2255
2255 1331
2255 1113
2256 2256
2256 1180
2257 2257
2258 3139
2258 2258
2259 2259
2260 3470
2260 2260
2260 497
2260 93
2261 3063
2261 2517
2261 2425
2261 2261
2261 1859
2261 1820
2261 1773
2261 1004
2261 900
2262 2262
2263 2263
2263 2196
2263 1849
2263 174
2264 2264
2265 2265
2266 2266
2267 2267
2267 2155
2267 64
2268 3438
2268 2268
2269 2269
2270 2270
2270 1590
2270 1469
2271 2271
2271 1925
2271 1637
2272 2730
2272 2272
2272 1587
2273 2273
2274 2274
2274 1287
2274 29
2275 3138
2275 3070
2275 2275
2276 2276
2276 753
2277 2277
2278 2278
2279 2371
2279 2279
2280 2280
2281 2281
2282 2282
2283 3098
2283 2516
2283 2488
2283 2283
2283 1911
2283 1471
2283 1409
2284 2284
2285 2285
2286 2286
2286 902
2287 2287
2287 2048
2287 1729
2288 2288
2289 2347
2289 2289
2289 2098
2290 2290
2290 1772
2290 658
2291 3385
2291 2536
2291 2291
2291 1334
2292 2292
2293 2293
2294 2294
2294 2124
2294 1423
2295 3225
2295 2295
2296 2296
2297 2693
2297 2297
2297 1833
2297 1044
2297 1006
2297 471
2298 3093
2298 2298
2299 2336
2299 2299
2300 2300
2301 2301
2302 2302
2303 2637
2303 3166
2303 1990
2303 1654
2303 2303
2303 391
2304 2304
2305 2305
2305 1766
2305 860
2306 2306
2306 1461
2306 429
2307 2307
2308 2961
2308 2652
2308 2509
2308 2308
2308 458
2309 2309
2310 2310
2311 2311
2312 2312
2312 604
2313 2313
2313 443
2314 2314
2315 2315
2316 2316
2317 2944
2317 2457
2317 2317
2317 1997
2317 1933
2317 1336
2318 2318
2319 2319
2319 516
2319 465
2319 285
2320 2320
2320 1105
2321 2806
2321 2321
2321 1671
2321 547
2321 397
2322 2322
2323 2323
2323 930
2323 735
2324 2324
2325 3342
2325 3153
2325 2325
2325 1924
2325 1749
2325 1216
2325 994
2325 273
2326 2906
2326 2326
2326 2036
2326 1310
2326 1144
2326 466
2327 3424
2327 2327
2328 2328
2329 2329
2329 1763
2329 1327
2330 2330
2331 2567
2331 2331
2331 1728
2332 2332
2333 2333
2333 2133
2333 17
2334 2334
2335 2997
2335 2335
2335 2171
2335 37
2336 2336
2336 2299
2337 2337
2338 2338
2338 107
2339 3449
2339 2339
2339 2247
2340 2340
2341 2558
2341 2341
2341 1350
2342 2342
2343 2754
2343 2343
2343 2221
2343 1767
2344 2344
2345 3000
2345 2345
2346 2346
2347 2347
2347 2289
2347 2098
2348 2348
2349 3037
2349 2349
2350 2940
2350 2392
2350 2350
2351 2351
2352 2352
2353 3251
2353 3218
2353 3094
2353 2815
2353 2703
2353 2593
2353 2507
2353 2353
2353 1861
2353 331
2354 2354
2354 2150
2355 2355
2356 2356
2356 746
2357 2721
2357 2357
2357 2045
2357 1323
2358 2736
2358 2358
2358 22
2359 2407
2359 2359
2360 2360
2360 1160
2361 2361
2362 2362
2363 3399
2363 2363
2364 2364
2365 2728
2365 2365
2365 1396
2366 2366
2367 2367
2368 2368
2368 1288
2369 2369
2370 2370
2371 2371
2371 2279
2372 2372
2373 2373
2373 1046
2373 958
2373 782
2374 2374
2375 2375
2375 2211
2375 940
2376 2376
2377 2377
2377 1739
2377 1647
2378 2378
2378 1565
2379 2998
2379 2379
2380 2380
2381 2381
2381 1919
2381 1643
2381 916
2382 2382
2383 3018
2383 2383
2383 266
2384 2453
2384 2384
2384 1559
2384 1061
2385 2861
2385 2385
2385 1930
2386 2386
2387 2546
2387 2432
2387 2387
2387 1508
2388 2388
2389 2389
2389 293
2390 2390
2391 2391
2391 1757
2391 574
2392 2940
2392 2392
2392 2350
2393 2393
2394 2672
2394 2394
2395 2395
2396 2817
2396 2774
2396 2530
2396 2396
2396 546
2397 2397
2398 3210
2398 2398
2399 2399
2399 1887
2399 1473
2399 852
2400 2978
2400 2400
2400 1379
2401 2401
2401 638
2402 2402
2403 2403
2403 714
2404 2404
2405 2405
2405 1085
2406 2406
2407 2407
2407 2359
2408 3490
2408 2408
2409 2498
2409 2409
2410 2410
2411 2411
2411 2153
2411 320
2412 2412
2413 2413
2414 2414
2415 2415
2416 2416
2417 2417
2418 2418
2419 2419
2419 1909
2420 2420
2421 2421
2422 2422
2423 2423
2424 2705
2424 2424
2425 3063
2425 2517
2425 2425
2425 2261
2425 1859
2425 1820
2425 1773
2425 1004
2425 900
2426 2426
2426 502
2427 2427
2428 2428
2429 2429
2429 1491
2429 1269
2429 634
2430 2430
2431 2431
2432 2546
2432 2432
2432 2387
2432 1508
2433 2433
2434 3029
2434 2434
2435 2435
2435 630
2436 2436
2437 2437
2438 2438
2438 119
2439 2439
2440 2818
2440 2440
2440 2198
2440 1636
2440 451
2440 158
2440 87
2441 2441
2442 3216
2442 2442
2443 2443
2444 2444
2444 717
2445 2445
2446 2446
2446 2086
2446 1384
2447 2745
2447 2447
2447 2115
2447 1879
2448 3097
2448 2448
2449 2449
2449 215
2450 2450
2451 2451
2451 1657
2451 1566
2452 2452
2452 1568
2452 1476
2452 983
2452 743
2453 2453
2453 2384
2453 1559
2453 1061
2454 2454
2455 2455
2456 2456
2457 2944
2457 2457
2457 2317
2457 1997
2457 1933
2457 1336
2458 2458
2459 3279
2459 2459
2460 2868
2460 2607
2460 2460
2461 2461
2461 526
2462 2963
2462 2462
2463 2463
2464 2464
2465 2465
2466 2466
2466 1661
2466 1338
2466 114
2467 3314
2467 3186
2467 2467
2467 2042
2468 2468
2468 1401
2468 811
2469 2922
2469 2469
2470 2470
2470 1433
2470 1109
2470 793
2470 256
2471 2471
2472 2472
2473 2473
2474 3336
2474 2474
2475 3423
2475 2475
2475 2034
2476 2476
2476 513
2477 2477
2478 2478
2479 2479
2479 385
2480 2480
2480 2107
2480 1295
2481 3460
2481 2856
2481 2552
2481 2481
2481 1278
2481 1220
2481 1153
2481 864
2481 760
2481 313
2482 2482
2483 2483
2483 1928
2484 2484
2484 1868
2484 1148
2485 2485
2486 2486
2487 2487
2487 523
2488 3098
2488 2516
2488 2488
2488 2283
2488 1911
2488 1471
2488 1409
2489 2489
2490 2490
2490 2157
2491 2491
2491 228
2492 2492
2492 72
2493 2493
2493 79
2494 2494
2495 2771
2495 2495
2496 3106
2496 2496
2496 2187
2496 2087
2496 90
2497 2563
2497 2497
2497 278
2498 2498
2498 2409
2499 2499
2499 682
2500 3231
2500 2500
2501 2501
2502 2502
2503 2503
2504 2933
2504 2504
2504 1616
2505 2505
2506 2641
2506 2506
2506 1926
2507 3251
2507 3218
2507 3094
2507 2815
2507 2703
2507 2593
2507 2507
2507 2353
2507 1861
2507 331
2508 2508
2508 619
2508 204
2508 43
2509 2961
2509 2652
2509 2509
2509 2308
2509 458
2510 2510
2510 1370
2510 1162
2510 579
2510 309
2511 2511
2512 2512
2512 964
2512 764
2512 415
2513 2513
2513 1289
2513 672
2513 157
2514 2658
2514 2514
2514 2074
2514 1368
2514 407
2514 105
2515 2515
2515 1718
2516 3098
2516 2516
2516 2488
2516 2283
2516 1911
2516 1471
2516 1409
2517 3063
2517 2517
2517 2425
2517 2261
2517 1859
2517 1820
2517 1773
2517 1004
2517 900
2518 2518
2519 2979
2519 2519
2520 2520
2521 3196
2521 2929
2521 2521
2521 486
2521 478
2522 3247
2522 2522
2523 2523
2523 133
2524 2524
2525 2525
2526 2526
2527 3282
2527 2954
2527 2770
2527 2527
2527 2239
2527 1914
2527 1719
2527 1306
2527 974
2527 802
2527 70
2527 42
2528 3187
2528 2541
2528 2528
2528 1237
2528 59
2529 2601
2529 2529
2530 1180
2530 2774
2530 2530
2530 2396
2530 546
2531 2720
2531 2531
2532 2532
2532 584
2533 2733
2533 2533
2533 1204
2534 2534
2535 2535
2536 3385
2536 2536
2536 2291
2536 1334
2537 2537
2538 2538
2539 2539
2540 2540
2541 3187
2541 2541
2541 2528
2541 1237
2541 59
2542 2542
2542 2092
2543 2543
2544 2544
2545 2545
2546 2546
2546 2432
2546 2387
2546 1508
2547 2547
2547 768
2548 2548
2548 1539
2548 1307
2548 1016
2548 642
2548 410
2548 275
2549 3445
2549 2549
2550 2945
2550 2790
2550 2550
2550 2202
2550 2046
2550 1561
2550 1529
2550 1025
2550 814
2550 237
2551 2551
2551 2255
2551 1331
2551 1113
2552 3460
2552 2856
2552 2552
2552 2481
2552 1278
2552 1220
2552 1153
2552 864
2552 760
2552 313
2553 2553
2554 2554
2555 2555
2555 1313
2556 3417
2556 2556
2556 315
2557 2557
2558 2558
2558 2341
2558 1350
2559 3280
2559 3147
2559 2559
2560 2560
2561 2561
2561 1929
2561 1355
2562 2930
2562 2562
2562 2083
2562 399
2563 2563
2563 2497
2563 278
2564 2564
2565 2565
2566 3302
2566 2981
2566 2623
2566 2608
2566 2566
2566 698
2567 2567
2567 2331
2567 1728
2568 2568
2569 2569
2569 269
2570 2570
2571 2571
2571 246
2572 2572
2573 2573
2574 2904
2574 2574
2574 998
2575 3335
2575 2575
2576 2576
2577 2577
2578 2578
2579 2579
2579 2248
2580 2580
2580 2191
2581 2581
2582 2582
2583 2583
2584 2584
2584 1165
2585 2585
2586 2586
2587 2587
2588 3461
2588 2588
2588 469
2589 2589
2590 2590
2591 2591
2591 289
2592 2592
2593 3251
2593 3218
2593 3094
2593 2815
2593 2703
2593 2593
2593 2507
2593 2353
2593 1861
2593 331
2594 2853
2594 2594
2594 446
2594 302
2595 2663
2595 2595
2596 2596
2597 2597
2598 2598
2599 2936
2599 2599
2599 1341
2599 1086
2599 679
2599 596
2599 555
2600 2600
2600 503
2600 92
2601 2601
2601 2529
2602 2602
2602 2176
2602 1480
2602 1126
2602 512
2602 479
2603 3055
2603 2603
2603 1448
2603 1435
2603 1372
2604 2604
2605 2605
2606 2606
2607 2868
2607 2607
2607 2460
2608 3302
2608 2981
2608 2623
2608 2608
2608 2566
2608 698
2609 2609
2610 2610
2611 2611
2611 1227
2612 2612
2613 2838
2613 2613
2613 1021
2614 2614
2615 2615
2616 2616
2616 1059
2617 2617
2617 2151
2617 1258
2617 134
2618 2618
2619 3437
2619 3266
2619 3234
2619 3030
2619 2939
2619 2619
2619 1601
2619 319
2619 149
2619 36
2619 33
2620 2620
2621 3382
2621 2621
2621 1819
2622 2622
2623 3302
2623 2981
2623 2623
2623 2608
2623 2566
2623 698
2624 2624
2625 2625
2626 2626
2626 1939
2627 2627
2627 336
2628 2628
2628 2195
2628 1259
2628 95
2629 3222
2629 2629
2629 1229
2630 3320
2630 2743
2630 2630
2631 2631
2632 2632
2633 2633
2634 2634
2635 3016
2635 2635
2635 1903
2635 1750
2636 2636
2637 2637
2637 2303
2638 2638
2639 2639
2640 2924
2640 2909
2640 2640
2641 2641
2641 2506
2641 1926
2642 2642
2643 2643
2643 1194
2643 999
2643 40
2644 2644
2645 2645
2645 1813
2645 12
2646 2646
2647 2647
2648 2648
2649 2649
2650 3069
2650 2650
2650 1322
2651 2651
2652 2961
2652 2652
2652 2509
2652 2308
2652 458
2653 2927
2653 2791
2653 2704
2653 2653
2653 1885
2653 1746
2653 1521
2653 1514
2653 1107
2653 812
2653 151
2654 2654
2655 2655
2656 2656
2656 211
2657 2657
2658 2658
2658 2514
2658 2074
2658 1368
2658 407
2658 105
2659 2659
2660 2660
2660 1771
2660 1417
2661 2661
2662 2817
2662 3079
2662 2662
2662 1816
2662 1387
2663 2663
2663 2595
2664 2664
2665 2665
2666 2666
2667 3164
2667 2667
2667 1145
2668 2668
2669 2669
2670 2670
2671 2671
2671 1786
2671 1450
2671 1309
2671 1271
2671 492
2671 280
2671 144
2672 2672
2672 2394
2673 2673
2674 2674
2675 2675
2675 259
2676 2676
2676 2078
2677 2991
2677 2677
2677 1846
2677 1525
2678 2678
2678 1724
2679 2679
2680 2680
2680 1934
2680 1208
2681 2681
2681 1861
2681 1056
2682 2682
2683 3035
2683 2683
2683 2197
2683 511
2684 2684
2685 2685
2686 2686
2687 3111
2687 2687
2687 1292
2687 499
2688 2845
2688 2688
2688 1574
2689 2689
2690 2690
2690 1553
2691 2691
2691 1955
2691 884
2692 2692
2693 2693
2693 2297
2693 1833
2693 1044
2693 1006
2693 471
2694 2694
2695 2695
2696 2696
2697 2697
2698 2698
2698 1282
2698 1098
2698 610
2699 2699
2699 617
2700 3223
2700 2700
2700 1963
2700 1545
2700 674
2701 2701
2702 2702
2703 3251
2703 3218
2703 3094
2703 2815
2703 2703
2703 2593
2703 2507
2703 2353
2703 1861
2703 331
2704 2927
2704 2791
2704 2704
2704 2653
2704 1885
2704 1746
2704 1521
2704 1514
2704 1107
2704 812
2704 151
2705 2705
2705 2424
2706 2706
2706 1533
2707 2707
2708 2708
2709 2709
2710 3416
2710 2710
2711 2711
2712 2894
2712 2712
2713 3426
2713 3236
2713 3189
2713 3025
2713 2713
2713 2166
2713 1497
2713 1158
2713 1025
2713 368
2714 2714
2714 1686
2715 2715
2715 1304
2715 956
2716 3167
2716 2716
2717 2717
2718 2718
2719 2719
2720 2720
2720 2531
2721 2721
2721 2357
2721 2045
2721 1323
2722 2722
2723 2723
2724 2724
2725 2725
2726 2726
2727 2727
2727 1202
2728 2728
2728 2365
2728 1396
2729 2729
2729 2066
2729 1779
2729 1446
2730 2730
2730 2272
2730 1587
2731 3432
2731 2912
2731 2750
2731 2731
2731 941
2731 243
2732 2732
2733 2733
2733 2533
2733 1204
2734 2734
2734 721
2735 2147
2735 2735
2735 1479
2736 2736
2736 2358
2736 22
2737 2737
2738 2738
2739 2739
2739 578
2740 2740
2741 2951
2741 2741
2741 710
2742 2742
2743 3320
2743 2743
2743 2630
2744 2744
2745 2745
2745 2447
2745 2115
2745 1879
2746 2746
2747 2947
2747 2747
2748 2748
2748 128
2749 2749
2750 3432
2750 2912
2750 2750
2750 2731
2750 941
2750 243
2751 2751
2752 2752
2752 747
2753 2753
2754 2754
2754 2343
2754 2221
2754 1767
2755 2755
2755 913
2755 493
2755 261
2756 2756
2757 2859
2757 2757
2758 2758
2759 2759
2760 3464
2760 2760
2760 1748
2761 2761
2762 2762
2763 2763
2764 2764
2765 3351
2765 3243
2765 2980
2765 2765
2765 1991
2766 2766
2767 2767
2768 2768
2769 2769
2770 3282
2770 2954
2770 2770
2770 2527
2770 2239
2770 1914
2770 1719
2770 1306
2770 974
2770 802
2770 70
2770 42
2771 2771
2771 2495
2772 2772
2772 733
2773 2773
2774 1189
2774 2774
2774 2530
2774 2396
2774 546
2775 3230
2775 2775
2775 2238
2775 681
2776 2776
2777 3418
2777 2777
2777 96
2778 3459
2778 2778
2778 352
2779 2779
2780 2780
2781 3135
2781 2781
2782 2782
2782 1895
2782 1684
2782 1247
2783 2783
2784 2784
2785 3489
2785 3065
2785 2785
2785 2164
2785 2096
2785 1678
2785 845
2785 667
2786 3462
2786 2786
2787 2787
2787 2136
2787 1917
2788 2788
2789 2789
2789 422
2790 2945
2790 2790
2790 2550
2790 2202
2790 2046
2790 1561
2790 1529
2790 1025
2790 814
2790 237
2791 2927
2791 2791
2791 2704
2791 2653
2791 1885
2791 1746
2791 1521
2791 1514
2791 1107
2791 812
2791 151
2792 2792
2792 1715
2792 77
2792 69
2793 2793
2793 2144
2793 878
2794 2794
2795 3178
2795 2795
2795 1811
2795 1804
2795 1188
2795 1150
2795 879
2795 567
2796 2796
2796 2196
2796 501
2797 2797
2798 2798
2799 2799
2800 2800
2800 2236
2800 2035
2800 777
2801 2801
2801 347
2802 2802
2803 2803
2803 2062
2803 744
2804 3408
2804 2804
2805 2805
2806 2806
2806 2321
2806 1671
2806 547
2806 397
2807 2807
2808 2808
2809 2809
2810 2810
2810 1972
2810 1523
2810 712
2811 2811
2812 2812
2813 2813
2813 790
2814 2814
2814 701
2815 3251
2815 3218
2815 3094
2815 2815
2815 2703
2815 2593
2815 2507
2815 2353
2815 1861
2815 331
2816 2816
2817 2662
2817 2817
2817 2396
2818 2818
2818 2440
2818 2198
2818 1636
2818 451
2818 158
2818 87
2819 2819
2820 2820
2821 3199
2821 2821
2822 3161
2822 2822
2822 2174
2822 1052
2823 2823
2824 2824
2824 1254
2824 552
2824 129
2825 2825
2826 2826
2827 2827
2827 1645
2828 2828
2829 2829
2830 2830
2831 2831
2831 2059
2831 287
2831 66
2832 2832
2833 2833
2834 2834
2834 1501
2835 2835
2835 1122
2836 2836
2836 1715
2836 69
2837 2867
2837 2837
2837 1803
2837 955
2838 2838
2838 2613
2838 1021
2839 2839
2839 738
2840 2840
2841 2841
2841 2055
2841 1075
2841 218
2842 2842
2843 1654
2843 2843
2843 1246
2843 713
2844 2844
2844 1785
2844 1625
2845 2688
2845 3435
2845 2845
2845 1574
2845 447
2845 268
2846 2846
2847 2847
2848 2848
2849 2849
2850 3305
2850 2850
2850 1537
2850 1095
2850 288
2851 3047
2851 2851
2851 1624
2851 439
2852 2852
2853 2853
2853 2594
2853 446
2853 302
2854 3369
2854 2854
2855 2855
2856 3460
2856 2856
2856 2552
2856 2481
2856 1278
2856 1220
2856 1153
2856 864
2856 760
2856 313
2857 2857
2857 792
2858 2858
2858 2245
2858 2106
2858 1543
2858 949
2858 756
2858 142
2859 2859
2859 2757
2860 2860
2861 2861
2861 2385
2861 1930
2862 2862
2863 2863
2864 2864
2865 2865
2866 2866
2867 2867
2867 2837
2867 1803
2867 955
2868 2868
2868 2607
2868 2460
2869 2869
2869 1265
2870 2870
2871 2871
2872 2872
2873 2873
2874 2874
2875 3096
2875 2918
2875 2875
2875 896
2875 298
2875 238
2876 2876
2877 2877
2878 2878
2879 2879
2879 1175
2880 2880
2881 2881
2882 2882
2883 3150
2883 2883
2883 1743
2884 2884
2885 2885
2886 2886
2886 1679
2886 560
2886 549
2887 2887
2888 2910
2888 2888
2889 2889
2890 2890
2890 2180
2891 3192
2891 2891
2892 2892
2893 2893
2894 2894
2894 2712
2895 2895
2896 2896
2897 2897
2898 2898
2899 2899
2900 2900
2901 2901
2902 2903
2902 2902
2902 773
2903 2903
2903 2902
2903 773
2904 2904
2904 2574
2904 998
2905 2905
2906 2906
2906 2326
2906 2036
2906 1310
2906 1144
2906 466
2907 2907
2907 380
2908 3334
2908 2921
2908 2908
2908 514
2908 413
2908 350
2909 2924
2909 2909
2909 2640
2910 2910
2910 2888
2911 2911
2912 3432
2912 2912
2912 2750
2912 2731
2912 941
2912 243
2913 2913
2914 2914
2914 1506
2915 3487
2915 2915
2915 1418
2915 933
2916 2916
2917 2917
2918 3096
2918 2918
2918 2875
2918 896
2918 298
2918 238
2919 3315
2919 2919
2919 709
2920 2920
2921 3334
2921 2921
2921 2908
2921 514
2921 413
2921 350
2922 2922
2922 2469
2923 2923
2923 424
2923 186
2924 2924
2924 2909
2924 2640
2925 2925
2926 2926
2926 1790
2927 2927
2927 2791
2927 2704
2927 2653
2927 1885
2927 1746
2927 1521
2927 1514
2927 1107
2927 812
2927 151
2928 2928
2928 2069
2928 798
2929 3196
2929 2929
2929 2521
2929 486
2929 478
2930 2930
2930 2562
2930 2083
2930 399
2931 3405
2931 2931
2932 2932
2932 325
2933 2933
2933 2504
2933 1616
2934 3475
2934 2934
2934 1335
2934 1054
2934 921
2935 2935
2936 2936
2936 2599
2936 1341
2936 1086
2936 679
2936 596
2936 555
2937 2937
2937 2114
2937 780
2937 463
2938 2938
2938 1300
2939 3437
2939 3266
2939 3234
2939 3030
2939 2939
2939 2619
2939 1601
2939 319
2939 149
2939 36
2939 33
2940 2940
2940 2392
2940 2350
2941 2941
2941 258
2942 2942
2943 2943
2944 2944
2944 2457
2944 2317
2944 1997
2944 1933
2944 1336
2945 2945
2945 2790
2945 2550
2945 2202
2945 2046
2945 1561
2945 1529
2945 1025
2945 814
2945 237
2946 2946
2947 2947
2947 2747
2948 2948
2949 2949
2950 2950
2951 2951
2951 2741
2951 710
2952 2952
2952 1324
2953 2953
2953 201
2954 3282
2954 2954
2954 2770
2954 2527
2954 2239
2954 1914
2954 1719
2954 1306
2954 974
2954 802
2954 70
2954 42
2955 2955
2956 3433
2956 2956
2956 1932
2956 1834
2957 2957
2958 2958
2958 1752
2958 788
2959 2959
2959 1646
2959 650
2960 2960
2960 766
2960 290
2961 2961
2961 2652
2961 2509
2961 2308
2961 458
2962 2962
2962 1241
2962 882
2963 2963
2963 2462
2964 2964
2965 2965
2966 2966
2967 2967
2968 2968
2968 2017
2968 1954
2968 1586
2968 477
2969 2969
2970 2970
2970 1493
2970 221
2971 2971
2971 1190
2972 3451
2972 2972
2972 1639
2972 1345
2972 977
2972 831
2973 2973
2974 2974
2975 2975
2976 2989
2976 2976
2976 2170
2976 2079
2976 418
2976 50
2977 2977
2977 1283
2977 271
2978 2978
2978 2400
2978 1379
2979 2979
2979 2519
2980 3351
2980 3243
2980 2980
2980 2765
2980 1991
2981 3302
2981 2981
2981 2623
2981 2608
2981 2566
2981 698
2982 2982
2983 2983
2984 2984
2984 1700
2985 2985
2986 2986
2987 2987
2988 2988
2989 2989
2989 2976
2989 2170
2989 2079
2989 418
2989 50
2990 2990
2991 2991
2991 2677
2991 1846
2991 1525
2992 2992
2992 1475
2993 3059
2993 2993
2993 1973
2994 2994
2995 2995
2996 3131
2996 2996
2997 2997
2997 2335
2997 2171
2997 37
2998 2998
2998 2379
2999 2999
3000 3000
3000 2345
3001 3001
3002 3002
3002 2222
3003 3003
3003 1080
3004 3004
3005 3005
3006 3006
3007 3088
3007 3007
3008 3008
3008 2225
3008 374
3009 3240
3009 3009
3009 1880
3010 3010
3011 3011
3012 3012
3013 3013
3013 1787
3013 1538
3013 894
3013 850
3014 3014
3014 1013
3015 3288
3015 3179
3015 3015
3015 1664
3015 1654
3016 2635
3016 1903
3016 1750
3016 3016
3016 1603
3016 583
3016 61
3017 3257
3017 3017
3017 1319
3017 662
3017 292
3018 3018
3018 2383
3018 266
3019 3019
3020 3020
3021 3021
3022 3022
3023 3023
3024 3024
3024 1115
3024 417
3025 3426
3025 3236
3025 3189
3025 3025
3025 2713
3025 2166
3025 1497
3025 1158
3025 1025
3025 368
3026 3283
3026 3026
3027 3027
3028 3028
3028 1346
3028 1058
3029 3029
3029 2434
3030 3437
3030 3266
3030 3234
3030 3030
3030 2939
3030 2619
3030 1601
3030 319
3030 149
3030 36
3030 33
3031 3031
3032 3032
3032 2077
3033 3033
3033 1009
3033 867
3034 3034
3034 2193
3035 3035
3035 2683
3035 2197
3035 511
3036 3327
3036 3036
3036 1094
3037 3037
3037 2349
3038 3038
3039 3039
3039 839
3040 3040
3041 3041
3042 3042
3043 3043
3044 3044
3045 3045
3046 3046
3047 3047
3047 2851
3047 1624
3047 439
3048 3429
3048 3048
3048 1709
3049 3480
3049 3049
3049 1791
3050 3050
3051 3051
3052 3052
3052 1082
3053 3053
3053 386
3054 3054
3055 3055
3055 2603
3055 1448
3055 1435
3055 1372
3056 3061
3056 3056
3056 2192
3056 2143
3056 1253
3056 375
3057 3057
3058 3058
3059 3059
3059 2993
3059 1973
3060 3060
3060 872
3060 573
3060 62
3061 3061
3061 3056
3061 2192
3061 2143
3061 1253
3061 375
3062 3062
3063 3063
3063 2517
3063 2425
3063 2261
3063 1859
3063 1820
3063 1773
3063 1004
3063 900
3064 3064
3065 3489
3065 3065
3065 2785
3065 2164
3065 2096
3065 1678
3065 845
3065 667
3066 3066
3067 3067
3068 3068
3068 1441
3068 1103
3069 3069
3069 2650
3069 1322
3070 3138
3070 3070
3070 2275
3071 1910
3071 3071
3071 852
3072 3195
3072 3072
3073 3073
3074 3074
3074 1246
3074 145
3074 14
3075 3075
3076 3227
3076 3076
3076 1251
3077 3077
3078 3078
3079 3079
3079 2662
3080 3080
3081 3081
3082 3082
3083 3083
3084 3084
3085 1598
3085 3130
3085 3085
3085 1589
3086 3129
3086 3086
3087 3087
3088 3088
3088 3007
3089 3089
3090 3090
3091 3091
3092 3465
3092 3323
3092 3092
3092 2128
3093 3093
3093 2298
3094 3251
3094 3218
3094 3094
3094 2815
3094 2703
3094 2593
3094 2507
3094 2353
3094 1861
3094 331
3095 3095
3095 874
3096 3096
3096 2918
3096 2875
3096 896
3096 298
3096 238
3097 3097
3097 2448
3098 3098
3098 2516
3098 2488
3098 2283
3098 1911
3098 1471
3098 1409
3099 3099
3099 551
3100 3100
3101 3140
3101 3101
3101 1837
3102 3102
3103 3103
3103 171
3104 3104
3104 2190
3105 3105
3106 3106
3106 2496
3106 2187
3106 2087
3106 90
3107 3107
3107 1135
3107 1001
3108 3108
3109 3109
3110 3110
3111 3111
3111 2687
3111 1292
3111 499
3112 3112
3113 3113
3114 3114
3114 580
3115 3115
3116 3116
3116 224
3117 3117
3117 1563
3117 1311
3117 168
3118 3118
3118 2081
3119 3119
3120 3472
3120 509
3120 3418
3120 3120
3120 79
3121 3121
3122 3122
3123 3123
3124 3254
3124 3124
3124 1897
3125 3125
3126 3126
3126 55
3127 3127
3127 848
3128 3128
3129 3129
3129 3086
3130 3130
3130 3085
3130 1589
3131 3131
3131 2996
3132 3132
3133 3133
3134 3134
3134 435
3135 3135
3135 2781
3136 3136
3137 3137
3138 3138
3138 3070
3138 2275
3139 3139
3139 2258
3140 3140
3140 3101
3140 1837
3141 3141
3142 3142
3143 3143
3144 3144
3145 3145
3145 2102
3146 3203
3146 3146
3147 3280
3147 3147
3147 2559
3148 3148
3149 3149
3150 3150
3150 2883
3150 1743
3151 3151
3152 3152
3153 3342
3153 3153
3153 2325
3153 1924
3153 1749
3153 1216
3153 994
3153 273
3154 3154
3155 3155
3156 3156
3157 3157
3157 1809
3157 1011
3158 3158
3159 3159
3160 3160
3160 1008
3161 3161
3161 2822
3161 2174
3161 1052
3162 3162
3163 3163
3164 3164
3164 2667
3164 1145
3165 3165
3165 2118
3165 1732
3165 608
3165 453
3165 330
3166 3179
3166 1913
3166 3166
3166 2303
3166 1990
3166 1654
3167 3167
3167 2716
3168 3168
3168 835
3168 106
3169 3169
3169 1623
3169 1422
3170 3170
3171 3171
3172 3233
3172 3172
3172 973
3172 606
3173 3173
3174 3174
3175 3175
3176 3176
3176 2134
3176 1883
3176 990
3176 561
3176 406
3177 3177
3178 3178
3178 2795
3178 1811
3178 1804
3178 1188
3178 1150
3178 879
3178 567
3179 3166
3179 1913
3179 3288
3179 3179
3179 3015
3179 1664
3179 1654
3180 3180
3181 3181
3182 3182
3182 1716
3182 1464
3182 496
3183 3375
3183 3183
3184 3184
3185 3185
3186 3314
3186 3186
3186 2467
3186 2042
3187 3187
3187 2541
3187 2528
3187 1237
3187 59
3188 3188
3188 1332
3189 3426
3189 3236
3189 3189
3189 3025
3189 2713
3189 2166
3189 1497
3189 1158
3189 1025
3189 368
3190 3190
3191 3191
3191 73
3192 3192
3192 2891
3193 3193
3194 3194
3195 3195
3195 3072
3196 3196
3196 2929
3196 2521
3196 486
3196 478
3197 3197
3198 3198
3199 3199
3199 2821
3200 3200
3201 3201
3202 3202
3203 3203
3203 3146
3204 3204
3205 3205
3205 1495
3206 3206
3206 1420
3207 3207
3208 3208
3209 3209
3209 1988
3210 3210
3210 2398
3211 3211
3212 3212
3212 2207
3212 2052
3212 799
3213 3213
3214 3347
3214 3214
3215 3215
3216 3216
3216 2442
3217 3217
3217 1822
3218 3251
3218 3218
3218 3094
3218 2815
3218 2703
3218 2593
3218 2507
3218 2353
3218 1861
3218 331
3219 3219
3220 3220
3221 3221
3222 3222
3222 2629
3222 1229
3223 3223
3223 2700
3223 1963
3223 1545
3223 674
3224 3224
3224 1999
3225 3225
3225 2295
3226 3226
3227 3227
3227 3076
3227 1251
3228 3228
3229 3229
3230 3230
3230 2775
3230 2238
3230 681
3231 3231
3231 2500
3232 3232
3233 3233
3233 3172
3233 973
3233 606
3234 3437
3234 3266
3234 3234
3234 3030
3234 2939
3234 2619
3234 1601
3234 319
3234 149
3234 36
3234 33
3235 3235
3236 3426
3236 3236
3236 3189
3236 3025
3236 2713
3236 2166
3236 1497
3236 1158
3236 1025
3236 368
3237 3237
3237 1826
3238 3238
3239 3239
3240 3240
3240 3009
3240 1880
3241 3241
3242 3242
3242 1660
3242 203
3243 3351
3243 3243
3243 2980
3243 2765
3243 1991
3244 3244
3245 3245
3245 484
3245 63
3246 3246
3247 3247
3247 2522
3248 3309
3248 3248
3248 2089
3249 3249
3250 3250
3251 3251
3251 3218
3251 3094
3251 2815
3251 2703
3251 2593
3251 2507
3251 2353
3251 1861
3251 331
3252 3252
3253 3253
3254 3254
3254 3124
3254 1897
3255 3255
3256 3256
3257 3257
3257 3017
3257 1319
3257 662
3257 292
3258 3258
3259 3259
3260 3260
3260 1212
3261 3261
3262 3262
3263 3263
3263 828
3263 729
3263 344
3264 3264
3264 934
3265 3265
3265 1863
3265 1633
3265 1554
3266 3437
3266 3266
3266 3234
3266 3030
3266 2939
3266 2619
3266 1601
3266 319
3266 149
3266 36
3266 33
3267 3267
3268 3268
3269 3269
3270 3270
3271 3271
3272 3272
3273 3273
3274 3274
3275 3275
3276 3276
3277 3277
3277 7
3278 3278
3279 3279
3279 2459
3280 3280
3280 3147
3280 2559
3281 3299
3281 3281
3282 3282
3282 2954
3282 2770
3282 2527
3282 2239
3282 1914
3282 1719
3282 1306
3282 974
3282 802
3282 70
3282 42
3283 3283
3283 3026
3284 3284
3285 3285
3286 3286
3287 3287
3288 3288
3288 3179
3288 3015
3288 1664
3288 1654
3289 3289
3290 3290
3291 3291
3292 3292
3293 3293
3293 383
3294 3294
3295 3295
3295 1753
3296 3296
3297 3297
3297 866
3298 3349
3298 3298
3298 661
3298 102
3299 3299
3299 3281
3300 3300
3301 3301
3301 2183
3301 2001
3301 1821
3301 1606
3301 614
3302 3302
3302 2981
3302 2623
3302 2608
3302 2566
3302 698
3303 3303
3304 3304
3304 1302
3304 449
3305 3305
3305 2850
3305 1537
3305 1095
3305 288
3306 3306
3307 3307
3308 3308
3308 2072
3308 936
3308 918
3309 3309
3309 3248
3309 2089
3310 3310
3311 3311
3312 3312
3313 3313
3313 2061
3313 1140
3313 797
3314 3314
3314 3186
3314 2467
3314 2042
3315 3315
3315 2919
3315 709
3316 3316
3317 3317
3317 1022
3318 3318
3319 3319
3320 3320
3320 2743
3320 2630
3321 3321
3321 1714
3321 1641
3321 953
3321 944
3321 180
3322 3322
3323 3465
3323 3323
3323 3092
3323 2128
3324 3324
3324 282
3324 41
3325 3346
3325 3325
3325 2253
3325 2220
3325 2194
3325 1520
3325 1444
3325 1177
3325 387
3325 165
3326 3326
3327 3327
3327 3036
3327 1094
3328 3328
3329 3329
3330 3330
3330 531
3331 3331
3332 3332
3332 1470
3332 769
3332 695
3332 351
3333 3333
3334 3334
3334 2921
3334 2908
3334 514
3334 413
3334 350
3335 3335
3335 2575
3336 3336
3336 2474
3337 3337
3338 3344
3338 3338
3339 3484
3339 3339
3340 3340
3341 3341
3342 3342
3342 3153
3342 2325
3342 1924
3342 1749
3342 1216
3342 994
3342 273
3343 3343
3344 3344
3344 3338
3345 3345
3346 3346
3346 3325
3346 2253
3346 2220
3346 2194
3346 1520
3346 1444
3346 1177
3346 387
3346 165
3347 3347
3347 3214
3348 3348
3348 963
3349 3349
3349 3298
3349 661
3349 102
3350 3350
3351 3351
3351 3243
3351 2980
3351 2765
3351 1991
3352 3395
3352 3352
3353 3353
3353 117
3354 3404
3354 3354
3354 360
3355 3355
3356 3356
3357 3357
3358 3358
3359 3359
3360 3360
3360 615
3361 3361
3362 3362
3363 3363
3364 3364
3365 3365
3365 1611
3366 3366
3366 1106
3366 543
3367 3396
3367 3367
3367 1333
3368 3368
3369 3369
3369 2854
3370 3370
3371 3371
3371 1860
3372 3372
3373 3373
3374 3374
3375 3375
3375 3183
3376 3376
3377 3377
3377 1797
3377 1484
3377 1429
3377 1297
3377 692
3378 3378
3379 3379
3380 3380
3381 3381
3381 65
3382 3382
3382 2621
3382 1819
3383 3383
3383 801
3384 3384
3385 3385
3385 2536
3385 2291
3385 1334
3386 3386
3386 2099
3386 1682
3386 104
3387 3387
3387 2013
3388 3388
3389 3389
3390 3390
3391 3391
3391 1726
3392 3392
3393 3393
3394 3394
3395 3395
3395 3352
3396 3396
3396 3367
3396 1333
3397 3397
3398 3398
3399 3399
3399 2363
3400 3400
3401 3401
3402 3402
3403 3403
3404 3404
3404 3354
3404 360
3405 3405
3405 2931
3406 3406
3407 3407
3408 3408
3408 2804
3409 3409
3409 475
3410 3410
3410 1608
3411 3411
3412 3412
3413 3413
3413 395
3414 3414
3415 3415
3416 3416
3416 2710
3417 3417
3417 2556
3417 315
3418 2777
3418 96
3418 3418
3418 3120
3418 79
3419 3419
3419 1142
3419 312
3420 3420
3421 3421
3421 195
3422 3422
3423 3423
3423 2475
3423 2034
3424 3424
3424 2327
3425 3425
3426 3426
3426 3236
3426 3189
3426 3025
3426 2713
3426 2166
3426 1497
3426 1158
3426 1025
3426 368
3427 3427
3428 3428
3429 3048
3429 1709
3429 3429
3429 1447
3429 1391
3430 3430
3430 241
3431 3431
3432 3432
3432 2912
3432 2750
3432 2731
3432 941
3432 243
3433 3433
3433 2956
3433 1932
3433 1834
3434 3434
3434 1186
3435 3435
3435 2845
3435 1574
3435 447
3435 268
3436 3436
3437 3437
3437 3266
3437 3234
3437 3030
3437 2939
3437 2619
3437 1601
3437 319
3437 149
3437 36
3437 33
3438 3438
3438 2268
3439 3439
3440 3440
3441 3441
3441 91
3442 3442
3442 720
3442 660
3442 179
3443 3443
3444 3444
3445 3445
3445 2549
3446 3446
3447 3447
3448 3448
3449 3449
3449 2339
3449 2247
3450 3450
3450 2139
3450 2027
3450 1957
3451 3451
3451 2972
3451 1639
3451 1345
3451 977
3451 831
3452 3452
3452 2019
3453 3453
3453 805
3453 649
3454 3454
3455 3455
3456 3456
3457 3457
3458 3458
3459 3459
3459 2778
3459 352
3460 3460
3460 2856
3460 2552
3460 2481
3460 1278
3460 1220
3460 1153
3460 864
3460 760
3460 313
3461 3461
3461 2588
3461 469
3462 2786
3462 3462
3462 585
3462 113
3463 3463
3464 3464
3464 2760
3464 1748
3465 3465
3465 3323
3465 3092
3465 2128
3466 3466
3467 3467
3467 297
3468 3468
3469 3469
3470 3470
3470 2260
3470 497
3470 93
3471 3471
3472 3472
3472 3120
3472 509
3473 3473
3474 3474
3474 1892
3474 1816
3474 1112
3475 3475
3475 2934
3475 1335
3475 1054
3475 921
3476 3476
3476 967
3476 626
3477 3477
3478 3478
3478 1454
3479 3479
3479 2203
3479 1462
3480 3480
3480 3049
3480 1791
3481 3481
3481 1652
3481 779
3482 3482
3482 1406
3483 3483
3484 3484
3484 3339
3485 3485
3486 3486
3487 3487
3487 2915
3487 1418
3487 933
3488 3488
3488 1459
3489 3489
3489 3065
3489 2785
3489 2164
3489 2096
3489 1678
3489 845
3489 667
3490 3490
3490 2408
3491 3491
3491 162
